8 0.40569897692838164 0.771160649729299 0.7061982840942822 0.30898213648534084
4 0.40569897692838164 0.771160649729299 0.7061982840942822 0.30898213648534084
4 0.40569897692838164 0.771160649729299 0.7061982840942822 0.30898213648534084
4 0.40569897692838164 0.771160649729299 0.7061982840942822 0.30898213648534084
4 0.40569897692838164 0.771160649729299 0.7061982840942822 0.30898213648534084
4 0.40569897692838164 0.771160649729299 0.7061982840942822 0.30898213648534084
4 0.40569897692838164 0.771160649729299 0.7061982840942822 0.30898213648534084
4 0.40569897692838164 0.771160649729299 0.7061982840942822 0.30898213648534084
4 0.40569897692838164 0.771160649729299 0.7061982840942822 0.30898213648534084
4 0.40569897692838164 0.771160649729299 0.7061982840942822 0.30898213648534084
