4 0.5110716405122177 0.45307984899302 0.782816223476244 0.24711542181629953
7 0.5371750057607457 0.7021976950390091 0.7754644725633704 0.4060300816603697
2 0.5110716405122177 0.45307984899302 0.782816223476244 0.24711542181629953
3 0.5371750057607457 0.7021976950390091 0.7754644725633704 0.4060300816603697
2 0.5110716405122177 0.45307984899302 0.782816223476244 0.24711542181629953
3 0.5371750057607457 0.7021976950390091 0.7754644725633704 0.4060300816603697
2 0.5110716405122177 0.45307984899302 0.782816223476244 0.24711542181629953
3 0.5371750057607457 0.7021976950390091 0.7754644725633704 0.4060300816603697
2 0.5110716405122177 0.45307984899302 0.782816223476244 0.24711542181629953
3 0.5371750057607457 0.7021976950390091 0.7754644725633704 0.4060300816603697
2 0.5110716405122177 0.45307984899302 0.782816223476244 0.24711542181629953
3 0.5371750057607457 0.7021976950390091 0.7754644725633704 0.4060300816603697
2 0.5110716405122177 0.45307984899302 0.782816223476244 0.24711542181629953
3 0.5371750057607457 0.7021976950390091 0.7754644725633704 0.4060300816603697
2 0.5110716405122177 0.45307984899302 0.782816223476244 0.24711542181629953
3 0.5371750057607457 0.7021976950390091 0.7754644725633704 0.4060300816603697
2 0.5110716405122177 0.45307984899302 0.782816223476244 0.24711542181629953
3 0.5371750057607457 0.7021976950390091 0.7754644725633704 0.4060300816603697
2 0.5110716405122177 0.45307984899302 0.782816223476244 0.24711542181629953
3 0.5371750057607457 0.7021976950390091 0.7754644725633704 0.4060300816603697
