8 0.5997695060773084 0.5830578602535624 0.4880218505859375 0.6059869578186895
4 0.5997695060773084 0.5830578602535624 0.4880218505859375 0.6059869578186895
4 0.5997695060773084 0.5830578602535624 0.4880218505859375 0.6059869578186895
4 0.5997695060773084 0.5830578602535624 0.4880218505859375 0.6059869578186895
4 0.5997695060773084 0.5830578602535624 0.4880218505859375 0.6059869578186895
4 0.5997695060773084 0.5830578602535624 0.4880218505859375 0.6059869578186895
4 0.5997695060773084 0.5830578602535624 0.4880218505859375 0.6059869578186895
4 0.5997695060773084 0.5830578602535624 0.4880218505859375 0.6059869578186895
4 0.5997695060773084 0.5830578602535624 0.4880218505859375 0.6059869578186895
4 0.5997695060773084 0.5830578602535624 0.4880218505859375 0.6059869578186895
