4 0.501460111366128 0.4115649409264139 0.7808951731747801 0.5463314656191652
2 0.501460111366128 0.4115649409264139 0.7808951731747801 0.5463314656191652
2 0.501460111366128 0.4115649409264139 0.7808951731747801 0.5463314656191652
2 0.501460111366128 0.4115649409264139 0.7808951731747801 0.5463314656191652
2 0.501460111366128 0.4115649409264139 0.7808951731747801 0.5463314656191652
2 0.501460111366128 0.4115649409264139 0.7808951731747801 0.5463314656191652
2 0.501460111366128 0.4115649409264139 0.7808951731747801 0.5463314656191652
2 0.501460111366128 0.4115649409264139 0.7808951731747801 0.5463314656191652
2 0.501460111366128 0.4115649409264139 0.7808951731747801 0.5463314656191652
2 0.501460111366128 0.4115649409264139 0.7808951731747801 0.5463314656191652
