4 0.4697821492880163 0.5098694946806309 0.8559158116998807 0.945809423586743
2 0.4697821492880163 0.5098694946806309 0.8559158116998807 0.945809423586743
2 0.4697821492880163 0.5098694946806309 0.8559158116998807 0.945809423586743
2 0.4697821492880163 0.5098694946806309 0.8559158116998807 0.945809423586743
2 0.4697821492880163 0.5098694946806309 0.8559158116998807 0.945809423586743
2 0.4697821492880163 0.5098694946806309 0.8559158116998807 0.945809423586743
2 0.4697821492880163 0.5098694946806309 0.8559158116998807 0.945809423586743
2 0.4697821492880163 0.5098694946806309 0.8559158116998807 0.945809423586743
2 0.4697821492880163 0.5098694946806309 0.8559158116998807 0.945809423586743
2 0.4697821492880163 0.5098694946806309 0.8559158116998807 0.945809423586743
