4 0.5620340679002844 0.4487716304799898 0.8431679269541865 0.8356337156452116
2 0.5620340679002844 0.4487716304799898 0.8431679269541865 0.8356337156452116
2 0.5620340679002844 0.4487716304799898 0.8431679269541865 0.8356337156452116
2 0.5620340679002844 0.4487716304799898 0.8431679269541865 0.8356337156452116
2 0.5620340679002844 0.4487716304799898 0.8431679269541865 0.8356337156452116
2 0.5620340679002844 0.4487716304799898 0.8431679269541865 0.8356337156452116
2 0.5620340679002844 0.4487716304799898 0.8431679269541865 0.8356337156452116
2 0.5620340679002844 0.4487716304799898 0.8431679269541865 0.8356337156452116
2 0.5620340679002844 0.4487716304799898 0.8431679269541865 0.8356337156452116
2 0.5620340679002844 0.4487716304799898 0.8431679269541865 0.8356337156452116
