4 0.5824202472017012 0.4067769668262857 0.8028127364529908 0.5724276508074351
4 0.5760612414993402 0.48739267260299446 0.780037872663891 0.40723006095293274
2 0.5824202472017012 0.4067769668262857 0.8028127364529908 0.5724276508074351
2 0.5760612414993402 0.48739267260299446 0.780037872663891 0.40723006095293274
2 0.5824202472017012 0.4067769668262857 0.8028127364529908 0.5724276508074351
2 0.5760612414993402 0.48739267260299446 0.780037872663891 0.40723006095293274
2 0.5824202472017012 0.4067769668262857 0.8028127364529908 0.5724276508074351
2 0.5760612414993402 0.48739267260299446 0.780037872663891 0.40723006095293274
2 0.5824202472017012 0.4067769668262857 0.8028127364529908 0.5724276508074351
2 0.5760612414993402 0.48739267260299446 0.780037872663891 0.40723006095293274
2 0.5824202472017012 0.4067769668262857 0.8028127364529908 0.5724276508074351
2 0.5760612414993402 0.48739267260299446 0.780037872663891 0.40723006095293274
2 0.5824202472017012 0.4067769668262857 0.8028127364529908 0.5724276508074351
2 0.5760612414993402 0.48739267260299446 0.780037872663891 0.40723006095293274
2 0.5824202472017012 0.4067769668262857 0.8028127364529908 0.5724276508074351
2 0.5760612414993402 0.48739267260299446 0.780037872663891 0.40723006095293274
2 0.5824202472017012 0.4067769668262857 0.8028127364529908 0.5724276508074351
2 0.5760612414993402 0.48739267260299446 0.780037872663891 0.40723006095293274
2 0.5824202472017012 0.4067769668262857 0.8028127364529908 0.5724276508074351
2 0.5760612414993402 0.48739267260299446 0.780037872663891 0.40723006095293274
