7 0.3898250683871183 0.5187333268546016 0.6571563928777522 0.7496323820020332
3 0.3898250683871183 0.5187333268546016 0.6571563928777522 0.7496323820020332
3 0.3898250683871183 0.5187333268546016 0.6571563928777522 0.7496323820020332
3 0.3898250683871183 0.5187333268546016 0.6571563928777522 0.7496323820020332
3 0.3898250683871183 0.5187333268546016 0.6571563928777522 0.7496323820020332
3 0.3898250683871183 0.5187333268546016 0.6571563928777522 0.7496323820020332
3 0.3898250683871183 0.5187333268546016 0.6571563928777522 0.7496323820020332
3 0.3898250683871183 0.5187333268546016 0.6571563928777522 0.7496323820020332
3 0.3898250683871183 0.5187333268546016 0.6571563928777522 0.7496323820020332
3 0.3898250683871183 0.5187333268546016 0.6571563928777522 0.7496323820020332
