4 0.4986442184448242 0.4288719156400754 0.8995244182239879 0.4547013037843131
2 0.4986442184448242 0.4288719156400754 0.8995244182239879 0.4547013037843131
2 0.4986442184448242 0.4288719156400754 0.8995244182239879 0.4547013037843131
2 0.4986442184448242 0.4288719156400754 0.8995244182239879 0.4547013037843131
2 0.4986442184448242 0.4288719156400754 0.8995244182239879 0.4547013037843131
2 0.4986442184448242 0.4288719156400754 0.8995244182239879 0.4547013037843131
2 0.4986442184448242 0.4288719156400754 0.8995244182239879 0.4547013037843131
2 0.4986442184448242 0.4288719156400754 0.8995244182239879 0.4547013037843131
2 0.4986442184448242 0.4288719156400754 0.8995244182239879 0.4547013037843131
2 0.4986442184448242 0.4288719156400754 0.8995244182239879 0.4547013037843131
