8 0.42100431124369303 0.6180622691199893 0.6796677080790202 0.6161836442493257
0 0.43127227783203126 0.433204832531157 0.07458628336588542 0.1384748731340681
0 0.44070919036865236 0.42929433640979586 0.0543432362874349 0.127092406863258
4 0.42100431124369303 0.6180622691199893 0.6796677080790202 0.6161836442493257
0 0.43127227783203126 0.433204832531157 0.07458628336588542 0.1384748731340681
0 0.44070919036865236 0.42929433640979586 0.0543432362874349 0.127092406863258
4 0.42100431124369303 0.6180622691199893 0.6796677080790202 0.6161836442493257
0 0.43127227783203126 0.433204832531157 0.07458628336588542 0.1384748731340681
0 0.44070919036865236 0.42929433640979586 0.0543432362874349 0.127092406863258
4 0.42100431124369303 0.6180622691199893 0.6796677080790202 0.6161836442493257
0 0.43127227783203126 0.433204832531157 0.07458628336588542 0.1384748731340681
0 0.44070919036865236 0.42929433640979586 0.0543432362874349 0.127092406863258
4 0.42100431124369303 0.6180622691199893 0.6796677080790202 0.6161836442493257
0 0.43127227783203126 0.433204832531157 0.07458628336588542 0.1384748731340681
0 0.44070919036865236 0.42929433640979586 0.0543432362874349 0.127092406863258
4 0.42100431124369303 0.6180622691199893 0.6796677080790202 0.6161836442493257
0 0.43127227783203126 0.433204832531157 0.07458628336588542 0.1384748731340681
0 0.44070919036865236 0.42929433640979586 0.0543432362874349 0.127092406863258
4 0.42100431124369303 0.6180622691199893 0.6796677080790202 0.6161836442493257
0 0.43127227783203126 0.433204832531157 0.07458628336588542 0.1384748731340681
0 0.44070919036865236 0.42929433640979586 0.0543432362874349 0.127092406863258
4 0.42100431124369303 0.6180622691199893 0.6796677080790202 0.6161836442493257
0 0.43127227783203126 0.433204832531157 0.07458628336588542 0.1384748731340681
0 0.44070919036865236 0.42929433640979586 0.0543432362874349 0.127092406863258
4 0.42100431124369303 0.6180622691199893 0.6796677080790202 0.6161836442493257
0 0.43127227783203126 0.433204832531157 0.07458628336588542 0.1384748731340681
0 0.44070919036865236 0.42929433640979586 0.0543432362874349 0.127092406863258
4 0.42100431124369303 0.6180622691199893 0.6796677080790202 0.6161836442493257
0 0.43127227783203126 0.433204832531157 0.07458628336588542 0.1384748731340681
0 0.44070919036865236 0.42929433640979586 0.0543432362874349 0.127092406863258
