4 0.45175272941589356 0.4681265098708017 0.8473472023010253 0.754373033841451
2 0.45175272941589356 0.4681265098708017 0.8473472023010253 0.754373033841451
2 0.45175272941589356 0.4681265098708017 0.8473472023010253 0.754373033841451
2 0.45175272941589356 0.4681265098708017 0.8473472023010253 0.754373033841451
2 0.45175272941589356 0.4681265098708017 0.8473472023010253 0.754373033841451
2 0.45175272941589356 0.4681265098708017 0.8473472023010253 0.754373033841451
2 0.45175272941589356 0.4681265098708017 0.8473472023010253 0.754373033841451
2 0.45175272941589356 0.4681265098708017 0.8473472023010253 0.754373033841451
2 0.45175272941589356 0.4681265098708017 0.8473472023010253 0.754373033841451
2 0.45175272941589356 0.4681265098708017 0.8473472023010253 0.754373033841451
