4 0.4887772499431263 0.40923734440829584 0.9579406616904519 0.7414333181954472
2 0.4887772499431263 0.40923734440829584 0.9579406616904519 0.7414333181954472
2 0.4887772499431263 0.40923734440829584 0.9579406616904519 0.7414333181954472
2 0.4887772499431263 0.40923734440829584 0.9579406616904519 0.7414333181954472
2 0.4887772499431263 0.40923734440829584 0.9579406616904519 0.7414333181954472
2 0.4887772499431263 0.40923734440829584 0.9579406616904519 0.7414333181954472
2 0.4887772499431263 0.40923734440829584 0.9579406616904519 0.7414333181954472
2 0.4887772499431263 0.40923734440829584 0.9579406616904519 0.7414333181954472
2 0.4887772499431263 0.40923734440829584 0.9579406616904519 0.7414333181954472
2 0.4887772499431263 0.40923734440829584 0.9579406616904519 0.7414333181954472
