0 0.5719074152867286 0.4011940641717596 0.4355648054542955 0.46537159301422454
0 0.5719074152867286 0.4011940641717596 0.4355648054542955 0.46537159301422454
0 0.5719074152867286 0.4011940641717596 0.4355648054542955 0.46537159301422454
0 0.5719074152867286 0.4011940641717596 0.4355648054542955 0.46537159301422454
0 0.5719074152867286 0.4011940641717596 0.4355648054542955 0.46537159301422454
0 0.5719074152867286 0.4011940641717596 0.4355648054542955 0.46537159301422454
0 0.5719074152867286 0.4011940641717596 0.4355648054542955 0.46537159301422454
0 0.5719074152867286 0.4011940641717596 0.4355648054542955 0.46537159301422454
0 0.5719074152867286 0.4011940641717596 0.4355648054542955 0.46537159301422454
0 0.5719074152867286 0.4011940641717596 0.4355648054542955 0.46537159301422454
