0 0.16065892537434895 0.47200959069388254 0.049701512654622394 0.1508785883585612
0 0.16065892537434895 0.47200959069388254 0.049701512654622394 0.1508785883585612
0 0.16065892537434895 0.47200959069388254 0.049701512654622394 0.1508785883585612
0 0.16065892537434895 0.47200959069388254 0.049701512654622394 0.1508785883585612
0 0.16065892537434895 0.47200959069388254 0.049701512654622394 0.1508785883585612
0 0.16065892537434895 0.47200959069388254 0.049701512654622394 0.1508785883585612
0 0.16065892537434895 0.47200959069388254 0.049701512654622394 0.1508785883585612
0 0.16065892537434895 0.47200959069388254 0.049701512654622394 0.1508785883585612
0 0.16065892537434895 0.47200959069388254 0.049701512654622394 0.1508785883585612
0 0.16065892537434895 0.47200959069388254 0.049701512654622394 0.1508785883585612
