4 0.49655012814503796 0.5643765700490851 0.8612009948154665 0.45260913246556334
2 0.49655012814503796 0.5643765700490851 0.8612009948154665 0.45260913246556334
2 0.49655012814503796 0.5643765700490851 0.8612009948154665 0.45260913246556334
2 0.49655012814503796 0.5643765700490851 0.8612009948154665 0.45260913246556334
2 0.49655012814503796 0.5643765700490851 0.8612009948154665 0.45260913246556334
2 0.49655012814503796 0.5643765700490851 0.8612009948154665 0.45260913246556334
2 0.49655012814503796 0.5643765700490851 0.8612009948154665 0.45260913246556334
2 0.49655012814503796 0.5643765700490851 0.8612009948154665 0.45260913246556334
2 0.49655012814503796 0.5643765700490851 0.8612009948154665 0.45260913246556334
2 0.49655012814503796 0.5643765700490851 0.8612009948154665 0.45260913246556334
