4 0.4204185139049183 0.43531142688188396 0.5854111966219815 0.5179237824320142
2 0.4204185139049183 0.43531142688188396 0.5854111966219815 0.5179237824320142
2 0.4204185139049183 0.43531142688188396 0.5854111966219815 0.5179237824320142
2 0.4204185139049183 0.43531142688188396 0.5854111966219815 0.5179237824320142
2 0.4204185139049183 0.43531142688188396 0.5854111966219815 0.5179237824320142
2 0.4204185139049183 0.43531142688188396 0.5854111966219815 0.5179237824320142
2 0.4204185139049183 0.43531142688188396 0.5854111966219815 0.5179237824320142
2 0.4204185139049183 0.43531142688188396 0.5854111966219815 0.5179237824320142
2 0.4204185139049183 0.43531142688188396 0.5854111966219815 0.5179237824320142
2 0.4204185139049183 0.43531142688188396 0.5854111966219815 0.5179237824320142
