8 0.46754513827237215 0.3593255183735832 0.4335274436257102 0.37395947357344494
0 0.557391190962358 0.2781510274918353 0.03909146395596591 0.07880147298177083
0 0.4008669905229048 0.23615132003534037 0.11847514759410512 0.15388191723432698
4 0.46754513827237215 0.3593255183735832 0.4335274436257102 0.37395947357344494
0 0.557391190962358 0.2781510274918353 0.03909146395596591 0.07880147298177083
0 0.4008669905229048 0.23615132003534037 0.11847514759410512 0.15388191723432698
4 0.46754513827237215 0.3593255183735832 0.4335274436257102 0.37395947357344494
0 0.557391190962358 0.2781510274918353 0.03909146395596591 0.07880147298177083
0 0.4008669905229048 0.23615132003534037 0.11847514759410512 0.15388191723432698
4 0.46754513827237215 0.3593255183735832 0.4335274436257102 0.37395947357344494
0 0.557391190962358 0.2781510274918353 0.03909146395596591 0.07880147298177083
0 0.4008669905229048 0.23615132003534037 0.11847514759410512 0.15388191723432698
4 0.46754513827237215 0.3593255183735832 0.4335274436257102 0.37395947357344494
0 0.557391190962358 0.2781510274918353 0.03909146395596591 0.07880147298177083
0 0.4008669905229048 0.23615132003534037 0.11847514759410512 0.15388191723432698
4 0.46754513827237215 0.3593255183735832 0.4335274436257102 0.37395947357344494
0 0.557391190962358 0.2781510274918353 0.03909146395596591 0.07880147298177083
0 0.4008669905229048 0.23615132003534037 0.11847514759410512 0.15388191723432698
4 0.46754513827237215 0.3593255183735832 0.4335274436257102 0.37395947357344494
0 0.557391190962358 0.2781510274918353 0.03909146395596591 0.07880147298177083
0 0.4008669905229048 0.23615132003534037 0.11847514759410512 0.15388191723432698
4 0.46754513827237215 0.3593255183735832 0.4335274436257102 0.37395947357344494
0 0.557391190962358 0.2781510274918353 0.03909146395596591 0.07880147298177083
0 0.4008669905229048 0.23615132003534037 0.11847514759410512 0.15388191723432698
4 0.46754513827237215 0.3593255183735832 0.4335274436257102 0.37395947357344494
0 0.557391190962358 0.2781510274918353 0.03909146395596591 0.07880147298177083
0 0.4008669905229048 0.23615132003534037 0.11847514759410512 0.15388191723432698
4 0.46754513827237215 0.3593255183735832 0.4335274436257102 0.37395947357344494
0 0.557391190962358 0.2781510274918353 0.03909146395596591 0.07880147298177083
0 0.4008669905229048 0.23615132003534037 0.11847514759410512 0.15388191723432698
