4 0.4039592316608555 0.4520927817521695 0.7697423057050894 0.5085295031884474
2 0.4039592316608555 0.4520927817521695 0.7697423057050894 0.5085295031884474
2 0.4039592316608555 0.4520927817521695 0.7697423057050894 0.5085295031884474
2 0.4039592316608555 0.4520927817521695 0.7697423057050894 0.5085295031884474
2 0.4039592316608555 0.4520927817521695 0.7697423057050894 0.5085295031884474
2 0.4039592316608555 0.4520927817521695 0.7697423057050894 0.5085295031884474
2 0.4039592316608555 0.4520927817521695 0.7697423057050894 0.5085295031884474
2 0.4039592316608555 0.4520927817521695 0.7697423057050894 0.5085295031884474
2 0.4039592316608555 0.4520927817521695 0.7697423057050894 0.5085295031884474
2 0.4039592316608555 0.4520927817521695 0.7697423057050894 0.5085295031884474
