4 0.45738098899383006 0.6056854805249846 0.5318571704015294 0.6541763048493461
4 0.505836089171285 0.5190496980474236 0.785219967575882 0.8006409205747455
2 0.45738098899383006 0.6056854805249846 0.5318571704015294 0.6541763048493461
2 0.505836089171285 0.5190496980474236 0.785219967575882 0.8006409205747455
2 0.45738098899383006 0.6056854805249846 0.5318571704015294 0.6541763048493461
2 0.505836089171285 0.5190496980474236 0.785219967575882 0.8006409205747455
2 0.45738098899383006 0.6056854805249846 0.5318571704015294 0.6541763048493461
2 0.505836089171285 0.5190496980474236 0.785219967575882 0.8006409205747455
2 0.45738098899383006 0.6056854805249846 0.5318571704015294 0.6541763048493461
2 0.505836089171285 0.5190496980474236 0.785219967575882 0.8006409205747455
2 0.45738098899383006 0.6056854805249846 0.5318571704015294 0.6541763048493461
2 0.505836089171285 0.5190496980474236 0.785219967575882 0.8006409205747455
2 0.45738098899383006 0.6056854805249846 0.5318571704015294 0.6541763048493461
2 0.505836089171285 0.5190496980474236 0.785219967575882 0.8006409205747455
2 0.45738098899383006 0.6056854805249846 0.5318571704015294 0.6541763048493461
2 0.505836089171285 0.5190496980474236 0.785219967575882 0.8006409205747455
2 0.45738098899383006 0.6056854805249846 0.5318571704015294 0.6541763048493461
2 0.505836089171285 0.5190496980474236 0.785219967575882 0.8006409205747455
2 0.45738098899383006 0.6056854805249846 0.5318571704015294 0.6541763048493461
2 0.505836089171285 0.5190496980474236 0.785219967575882 0.8006409205747455
