4 0.4832288152521307 0.4553921704735261 0.9664576305042614 0.590612630375096
2 0.4832288152521307 0.4553921704735261 0.9664576305042614 0.590612630375096
2 0.4832288152521307 0.4553921704735261 0.9664576305042614 0.590612630375096
2 0.4832288152521307 0.4553921704735261 0.9664576305042614 0.590612630375096
2 0.4832288152521307 0.4553921704735261 0.9664576305042614 0.590612630375096
2 0.4832288152521307 0.4553921704735261 0.9664576305042614 0.590612630375096
2 0.4832288152521307 0.4553921704735261 0.9664576305042614 0.590612630375096
2 0.4832288152521307 0.4553921704735261 0.9664576305042614 0.590612630375096
2 0.4832288152521307 0.4553921704735261 0.9664576305042614 0.590612630375096
2 0.4832288152521307 0.4553921704735261 0.9664576305042614 0.590612630375096
