4 0.3792002348466353 0.5354600916794741 0.5696801411021839 0.4426139456326844
4 0.33315210515802557 0.4357631401937516 0.6453142200816762 0.6370019652152974
2 0.3792002348466353 0.5354600916794741 0.5696801411021839 0.4426139456326844
2 0.33315210515802557 0.4357631401937516 0.6453142200816762 0.6370019652152974
2 0.3792002348466353 0.5354600916794741 0.5696801411021839 0.4426139456326844
2 0.33315210515802557 0.4357631401937516 0.6453142200816762 0.6370019652152974
2 0.3792002348466353 0.5354600916794741 0.5696801411021839 0.4426139456326844
2 0.33315210515802557 0.4357631401937516 0.6453142200816762 0.6370019652152974
2 0.3792002348466353 0.5354600916794741 0.5696801411021839 0.4426139456326844
2 0.33315210515802557 0.4357631401937516 0.6453142200816762 0.6370019652152974
2 0.3792002348466353 0.5354600916794741 0.5696801411021839 0.4426139456326844
2 0.33315210515802557 0.4357631401937516 0.6453142200816762 0.6370019652152974
2 0.3792002348466353 0.5354600916794741 0.5696801411021839 0.4426139456326844
2 0.33315210515802557 0.4357631401937516 0.6453142200816762 0.6370019652152974
2 0.3792002348466353 0.5354600916794741 0.5696801411021839 0.4426139456326844
2 0.33315210515802557 0.4357631401937516 0.6453142200816762 0.6370019652152974
2 0.3792002348466353 0.5354600916794741 0.5696801411021839 0.4426139456326844
2 0.33315210515802557 0.4357631401937516 0.6453142200816762 0.6370019652152974
2 0.3792002348466353 0.5354600916794741 0.5696801411021839 0.4426139456326844
2 0.33315210515802557 0.4357631401937516 0.6453142200816762 0.6370019652152974
