4 0.5077192783355713 0.4474279710719752 0.9845614433288574 0.8850555426852648
4 0.5179836286212804 0.6084239649218183 0.958514789672435 0.7764417515244595
2 0.5077192783355713 0.4474279710719752 0.9845614433288574 0.8850555426852648
2 0.5179836286212804 0.6084239649218183 0.958514789672435 0.7764417515244595
2 0.5077192783355713 0.4474279710719752 0.9845614433288574 0.8850555426852648
2 0.5179836286212804 0.6084239649218183 0.958514789672435 0.7764417515244595
2 0.5077192783355713 0.4474279710719752 0.9845614433288574 0.8850555426852648
2 0.5179836286212804 0.6084239649218183 0.958514789672435 0.7764417515244595
2 0.5077192783355713 0.4474279710719752 0.9845614433288574 0.8850555426852648
2 0.5179836286212804 0.6084239649218183 0.958514789672435 0.7764417515244595
2 0.5077192783355713 0.4474279710719752 0.9845614433288574 0.8850555426852648
2 0.5179836286212804 0.6084239649218183 0.958514789672435 0.7764417515244595
2 0.5077192783355713 0.4474279710719752 0.9845614433288574 0.8850555426852648
2 0.5179836286212804 0.6084239649218183 0.958514789672435 0.7764417515244595
2 0.5077192783355713 0.4474279710719752 0.9845614433288574 0.8850555426852648
2 0.5179836286212804 0.6084239649218183 0.958514789672435 0.7764417515244595
2 0.5077192783355713 0.4474279710719752 0.9845614433288574 0.8850555426852648
2 0.5179836286212804 0.6084239649218183 0.958514789672435 0.7764417515244595
2 0.5077192783355713 0.4474279710719752 0.9845614433288574 0.8850555426852648
2 0.5179836286212804 0.6084239649218183 0.958514789672435 0.7764417515244595
