0 0.6106571821732955 0.37316757994271366 0.09632146661931819 0.19389616335676016
0 0.6106571821732955 0.37316757994271366 0.09632146661931819 0.19389616335676016
0 0.6106571821732955 0.37316757994271366 0.09632146661931819 0.19389616335676016
0 0.6106571821732955 0.37316757994271366 0.09632146661931819 0.19389616335676016
0 0.6106571821732955 0.37316757994271366 0.09632146661931819 0.19389616335676016
0 0.6106571821732955 0.37316757994271366 0.09632146661931819 0.19389616335676016
0 0.6106571821732955 0.37316757994271366 0.09632146661931819 0.19389616335676016
0 0.6106571821732955 0.37316757994271366 0.09632146661931819 0.19389616335676016
0 0.6106571821732955 0.37316757994271366 0.09632146661931819 0.19389616335676016
0 0.6106571821732955 0.37316757994271366 0.09632146661931819 0.19389616335676016
