4 0.6647933451334636 0.5908917245410737 0.06154042561848958 0.08195481981549944
2 0.6647933451334636 0.5908917245410737 0.06154042561848958 0.08195481981549944
2 0.6647933451334636 0.5908917245410737 0.06154042561848958 0.08195481981549944
2 0.6647933451334636 0.5908917245410737 0.06154042561848958 0.08195481981549944
2 0.6647933451334636 0.5908917245410737 0.06154042561848958 0.08195481981549944
2 0.6647933451334636 0.5908917245410737 0.06154042561848958 0.08195481981549944
2 0.6647933451334636 0.5908917245410737 0.06154042561848958 0.08195481981549944
2 0.6647933451334636 0.5908917245410737 0.06154042561848958 0.08195481981549944
2 0.6647933451334636 0.5908917245410737 0.06154042561848958 0.08195481981549944
2 0.6647933451334636 0.5908917245410737 0.06154042561848958 0.08195481981549944
