4 0.5204061356382799 0.5434880749932651 0.9057380385877352 0.6622416178385416
2 0.5204061356382799 0.5434880749932651 0.9057380385877352 0.6622416178385416
2 0.5204061356382799 0.5434880749932651 0.9057380385877352 0.6622416178385416
2 0.5204061356382799 0.5434880749932651 0.9057380385877352 0.6622416178385416
2 0.5204061356382799 0.5434880749932651 0.9057380385877352 0.6622416178385416
2 0.5204061356382799 0.5434880749932651 0.9057380385877352 0.6622416178385416
2 0.5204061356382799 0.5434880749932651 0.9057380385877352 0.6622416178385416
2 0.5204061356382799 0.5434880749932651 0.9057380385877352 0.6622416178385416
2 0.5204061356382799 0.5434880749932651 0.9057380385877352 0.6622416178385416
2 0.5204061356382799 0.5434880749932651 0.9057380385877352 0.6622416178385416
