4 0.5013318965309544 0.5028784153825145 0.9387405295121042 0.6345712694071107
2 0.5013318965309544 0.5028784153825145 0.9387405295121042 0.6345712694071107
2 0.5013318965309544 0.5028784153825145 0.9387405295121042 0.6345712694071107
2 0.5013318965309544 0.5028784153825145 0.9387405295121042 0.6345712694071107
2 0.5013318965309544 0.5028784153825145 0.9387405295121042 0.6345712694071107
2 0.5013318965309544 0.5028784153825145 0.9387405295121042 0.6345712694071107
2 0.5013318965309544 0.5028784153825145 0.9387405295121042 0.6345712694071107
2 0.5013318965309544 0.5028784153825145 0.9387405295121042 0.6345712694071107
2 0.5013318965309544 0.5028784153825145 0.9387405295121042 0.6345712694071107
2 0.5013318965309544 0.5028784153825145 0.9387405295121042 0.6345712694071107
