4 0.44479636111891413 0.3843430806147425 0.6524880765432335 0.7349373996257782
2 0.44479636111891413 0.3843430806147425 0.6524880765432335 0.7349373996257782
2 0.44479636111891413 0.3843430806147425 0.6524880765432335 0.7349373996257782
2 0.44479636111891413 0.3843430806147425 0.6524880765432335 0.7349373996257782
2 0.44479636111891413 0.3843430806147425 0.6524880765432335 0.7349373996257782
2 0.44479636111891413 0.3843430806147425 0.6524880765432335 0.7349373996257782
2 0.44479636111891413 0.3843430806147425 0.6524880765432335 0.7349373996257782
2 0.44479636111891413 0.3843430806147425 0.6524880765432335 0.7349373996257782
2 0.44479636111891413 0.3843430806147425 0.6524880765432335 0.7349373996257782
2 0.44479636111891413 0.3843430806147425 0.6524880765432335 0.7349373996257782
