4 0.5574106251109731 0.47412448111779054 0.8560596535422585 0.5109051772154094
2 0.5574106251109731 0.47412448111779054 0.8560596535422585 0.5109051772154094
2 0.5574106251109731 0.47412448111779054 0.8560596535422585 0.5109051772154094
2 0.5574106251109731 0.47412448111779054 0.8560596535422585 0.5109051772154094
2 0.5574106251109731 0.47412448111779054 0.8560596535422585 0.5109051772154094
2 0.5574106251109731 0.47412448111779054 0.8560596535422585 0.5109051772154094
2 0.5574106251109731 0.47412448111779054 0.8560596535422585 0.5109051772154094
2 0.5574106251109731 0.47412448111779054 0.8560596535422585 0.5109051772154094
2 0.5574106251109731 0.47412448111779054 0.8560596535422585 0.5109051772154094
2 0.5574106251109731 0.47412448111779054 0.8560596535422585 0.5109051772154094
