4 0.8688423665364583 0.582673640478225 0.22935160319010417 0.33177434830438524
4 0.36589686075846356 0.39605172475179035 0.5531272379557292 0.6609603336879185
2 0.8688423665364583 0.582673640478225 0.22935160319010417 0.33177434830438524
2 0.36589686075846356 0.39605172475179035 0.5531272379557292 0.6609603336879185
2 0.8688423665364583 0.582673640478225 0.22935160319010417 0.33177434830438524
2 0.36589686075846356 0.39605172475179035 0.5531272379557292 0.6609603336879185
2 0.8688423665364583 0.582673640478225 0.22935160319010417 0.33177434830438524
2 0.36589686075846356 0.39605172475179035 0.5531272379557292 0.6609603336879185
2 0.8688423665364583 0.582673640478225 0.22935160319010417 0.33177434830438524
2 0.36589686075846356 0.39605172475179035 0.5531272379557292 0.6609603336879185
2 0.8688423665364583 0.582673640478225 0.22935160319010417 0.33177434830438524
2 0.36589686075846356 0.39605172475179035 0.5531272379557292 0.6609603336879185
2 0.8688423665364583 0.582673640478225 0.22935160319010417 0.33177434830438524
2 0.36589686075846356 0.39605172475179035 0.5531272379557292 0.6609603336879185
2 0.8688423665364583 0.582673640478225 0.22935160319010417 0.33177434830438524
2 0.36589686075846356 0.39605172475179035 0.5531272379557292 0.6609603336879185
2 0.8688423665364583 0.582673640478225 0.22935160319010417 0.33177434830438524
2 0.36589686075846356 0.39605172475179035 0.5531272379557292 0.6609603336879185
2 0.8688423665364583 0.582673640478225 0.22935160319010417 0.33177434830438524
2 0.36589686075846356 0.39605172475179035 0.5531272379557292 0.6609603336879185
