4 0.3727102371657393 0.44741333855523 0.6813387119501734 0.7289594014485677
2 0.3727102371657393 0.44741333855523 0.6813387119501734 0.7289594014485677
2 0.3727102371657393 0.44741333855523 0.6813387119501734 0.7289594014485677
2 0.3727102371657393 0.44741333855523 0.6813387119501734 0.7289594014485677
2 0.3727102371657393 0.44741333855523 0.6813387119501734 0.7289594014485677
2 0.3727102371657393 0.44741333855523 0.6813387119501734 0.7289594014485677
2 0.3727102371657393 0.44741333855523 0.6813387119501734 0.7289594014485677
2 0.3727102371657393 0.44741333855523 0.6813387119501734 0.7289594014485677
2 0.3727102371657393 0.44741333855523 0.6813387119501734 0.7289594014485677
2 0.3727102371657393 0.44741333855523 0.6813387119501734 0.7289594014485677
