4 0.42942677487929665 0.5724199953533354 0.8539369775851567 0.5432714507693336
2 0.42942677487929665 0.5724199953533354 0.8539369775851567 0.5432714507693336
2 0.42942677487929665 0.5724199953533354 0.8539369775851567 0.5432714507693336
2 0.42942677487929665 0.5724199953533354 0.8539369775851567 0.5432714507693336
2 0.42942677487929665 0.5724199953533354 0.8539369775851567 0.5432714507693336
2 0.42942677487929665 0.5724199953533354 0.8539369775851567 0.5432714507693336
2 0.42942677487929665 0.5724199953533354 0.8539369775851567 0.5432714507693336
2 0.42942677487929665 0.5724199953533354 0.8539369775851567 0.5432714507693336
2 0.42942677487929665 0.5724199953533354 0.8539369775851567 0.5432714507693336
2 0.42942677487929665 0.5724199953533354 0.8539369775851567 0.5432714507693336
