4 0.5672355929287998 0.3494825727952634 0.6321833107688211 0.3475520649894339
2 0.5672355929287998 0.3494825727952634 0.6321833107688211 0.3475520649894339
2 0.5672355929287998 0.3494825727952634 0.6321833107688211 0.3475520649894339
2 0.5672355929287998 0.3494825727952634 0.6321833107688211 0.3475520649894339
2 0.5672355929287998 0.3494825727952634 0.6321833107688211 0.3475520649894339
2 0.5672355929287998 0.3494825727952634 0.6321833107688211 0.3475520649894339
2 0.5672355929287998 0.3494825727952634 0.6321833107688211 0.3475520649894339
2 0.5672355929287998 0.3494825727952634 0.6321833107688211 0.3475520649894339
2 0.5672355929287998 0.3494825727952634 0.6321833107688211 0.3475520649894339
2 0.5672355929287998 0.3494825727952634 0.6321833107688211 0.3475520649894339
