4 0.43787338603626597 0.5917916428195974 0.7591225017200817 0.30895875190776556
2 0.43787338603626597 0.5917916428195974 0.7591225017200817 0.30895875190776556
2 0.43787338603626597 0.5917916428195974 0.7591225017200817 0.30895875190776556
2 0.43787338603626597 0.5917916428195974 0.7591225017200817 0.30895875190776556
2 0.43787338603626597 0.5917916428195974 0.7591225017200817 0.30895875190776556
2 0.43787338603626597 0.5917916428195974 0.7591225017200817 0.30895875190776556
2 0.43787338603626597 0.5917916428195974 0.7591225017200817 0.30895875190776556
2 0.43787338603626597 0.5917916428195974 0.7591225017200817 0.30895875190776556
2 0.43787338603626597 0.5917916428195974 0.7591225017200817 0.30895875190776556
2 0.43787338603626597 0.5917916428195974 0.7591225017200817 0.30895875190776556
