4 0.4439470454992935 0.26314064046156777 0.8277824707473107 0.5194557594884303
2 0.4439470454992935 0.26314064046156777 0.8277824707473107 0.5194557594884303
2 0.4439470454992935 0.26314064046156777 0.8277824707473107 0.5194557594884303
2 0.4439470454992935 0.26314064046156777 0.8277824707473107 0.5194557594884303
2 0.4439470454992935 0.26314064046156777 0.8277824707473107 0.5194557594884303
2 0.4439470454992935 0.26314064046156777 0.8277824707473107 0.5194557594884303
2 0.4439470454992935 0.26314064046156777 0.8277824707473107 0.5194557594884303
2 0.4439470454992935 0.26314064046156777 0.8277824707473107 0.5194557594884303
2 0.4439470454992935 0.26314064046156777 0.8277824707473107 0.5194557594884303
2 0.4439470454992935 0.26314064046156777 0.8277824707473107 0.5194557594884303
