7 0.5013744457658514 0.6436288231297543 0.679954885000206 0.6744640751888877
3 0.5013744457658514 0.6436288231297543 0.679954885000206 0.6744640751888877
3 0.5013744457658514 0.6436288231297543 0.679954885000206 0.6744640751888877
3 0.5013744457658514 0.6436288231297543 0.679954885000206 0.6744640751888877
3 0.5013744457658514 0.6436288231297543 0.679954885000206 0.6744640751888877
3 0.5013744457658514 0.6436288231297543 0.679954885000206 0.6744640751888877
3 0.5013744457658514 0.6436288231297543 0.679954885000206 0.6744640751888877
3 0.5013744457658514 0.6436288231297543 0.679954885000206 0.6744640751888877
3 0.5013744457658514 0.6436288231297543 0.679954885000206 0.6744640751888877
3 0.5013744457658514 0.6436288231297543 0.679954885000206 0.6744640751888877
