4 0.5568649500066584 0.4825460923825457 0.821570614901456 0.5441768208488089
2 0.5568649500066584 0.4825460923825457 0.821570614901456 0.5441768208488089
2 0.5568649500066584 0.4825460923825457 0.821570614901456 0.5441768208488089
2 0.5568649500066584 0.4825460923825457 0.821570614901456 0.5441768208488089
2 0.5568649500066584 0.4825460923825457 0.821570614901456 0.5441768208488089
2 0.5568649500066584 0.4825460923825457 0.821570614901456 0.5441768208488089
2 0.5568649500066584 0.4825460923825457 0.821570614901456 0.5441768208488089
2 0.5568649500066584 0.4825460923825457 0.821570614901456 0.5441768208488089
2 0.5568649500066584 0.4825460923825457 0.821570614901456 0.5441768208488089
2 0.5568649500066584 0.4825460923825457 0.821570614901456 0.5441768208488089
