0 0.7545723305608993 0.740617551301655 0.1320844951428865 0.46843209517629525
0 0.7545723305608993 0.740617551301655 0.1320844951428865 0.46843209517629525
0 0.7545723305608993 0.740617551301655 0.1320844951428865 0.46843209517629525
0 0.7545723305608993 0.740617551301655 0.1320844951428865 0.46843209517629525
0 0.7545723305608993 0.740617551301655 0.1320844951428865 0.46843209517629525
0 0.7545723305608993 0.740617551301655 0.1320844951428865 0.46843209517629525
0 0.7545723305608993 0.740617551301655 0.1320844951428865 0.46843209517629525
0 0.7545723305608993 0.740617551301655 0.1320844951428865 0.46843209517629525
0 0.7545723305608993 0.740617551301655 0.1320844951428865 0.46843209517629525
0 0.7545723305608993 0.740617551301655 0.1320844951428865 0.46843209517629525
