4 0.5006058744950728 0.38192458230941023 0.8647266387939453 0.4598768682427745
0 0.5279622303355824 0.70599365234375 0.0369610595703125 0.1114168427681011
0 0.3427002507990057 0.6854454832650273 0.028718150745738635 0.07528886638703894
0 0.2735890475186435 0.7990537966535392 0.034490495161576706 0.13433079120239924
0 0.34802904996004974 0.6873224185464161 0.03089324951171875 0.0680908453269083
2 0.5006058744950728 0.38192458230941023 0.8647266387939453 0.4598768682427745
0 0.5279622303355824 0.70599365234375 0.0369610595703125 0.1114168427681011
0 0.3427002507990057 0.6854454832650273 0.028718150745738635 0.07528886638703894
0 0.2735890475186435 0.7990537966535392 0.034490495161576706 0.13433079120239924
0 0.34802904996004974 0.6873224185464161 0.03089324951171875 0.0680908453269083
2 0.5006058744950728 0.38192458230941023 0.8647266387939453 0.4598768682427745
0 0.5279622303355824 0.70599365234375 0.0369610595703125 0.1114168427681011
0 0.3427002507990057 0.6854454832650273 0.028718150745738635 0.07528886638703894
0 0.2735890475186435 0.7990537966535392 0.034490495161576706 0.13433079120239924
0 0.34802904996004974 0.6873224185464161 0.03089324951171875 0.0680908453269083
2 0.5006058744950728 0.38192458230941023 0.8647266387939453 0.4598768682427745
0 0.5279622303355824 0.70599365234375 0.0369610595703125 0.1114168427681011
0 0.3427002507990057 0.6854454832650273 0.028718150745738635 0.07528886638703894
0 0.2735890475186435 0.7990537966535392 0.034490495161576706 0.13433079120239924
0 0.34802904996004974 0.6873224185464161 0.03089324951171875 0.0680908453269083
2 0.5006058744950728 0.38192458230941023 0.8647266387939453 0.4598768682427745
0 0.5279622303355824 0.70599365234375 0.0369610595703125 0.1114168427681011
0 0.3427002507990057 0.6854454832650273 0.028718150745738635 0.07528886638703894
0 0.2735890475186435 0.7990537966535392 0.034490495161576706 0.13433079120239924
0 0.34802904996004974 0.6873224185464161 0.03089324951171875 0.0680908453269083
2 0.5006058744950728 0.38192458230941023 0.8647266387939453 0.4598768682427745
0 0.5279622303355824 0.70599365234375 0.0369610595703125 0.1114168427681011
0 0.3427002507990057 0.6854454832650273 0.028718150745738635 0.07528886638703894
0 0.2735890475186435 0.7990537966535392 0.034490495161576706 0.13433079120239924
0 0.34802904996004974 0.6873224185464161 0.03089324951171875 0.0680908453269083
2 0.5006058744950728 0.38192458230941023 0.8647266387939453 0.4598768682427745
0 0.5279622303355824 0.70599365234375 0.0369610595703125 0.1114168427681011
0 0.3427002507990057 0.6854454832650273 0.028718150745738635 0.07528886638703894
0 0.2735890475186435 0.7990537966535392 0.034490495161576706 0.13433079120239924
0 0.34802904996004974 0.6873224185464161 0.03089324951171875 0.0680908453269083
2 0.5006058744950728 0.38192458230941023 0.8647266387939453 0.4598768682427745
0 0.5279622303355824 0.70599365234375 0.0369610595703125 0.1114168427681011
0 0.3427002507990057 0.6854454832650273 0.028718150745738635 0.07528886638703894
0 0.2735890475186435 0.7990537966535392 0.034490495161576706 0.13433079120239924
0 0.34802904996004974 0.6873224185464161 0.03089324951171875 0.0680908453269083
2 0.5006058744950728 0.38192458230941023 0.8647266387939453 0.4598768682427745
0 0.5279622303355824 0.70599365234375 0.0369610595703125 0.1114168427681011
0 0.3427002507990057 0.6854454832650273 0.028718150745738635 0.07528886638703894
0 0.2735890475186435 0.7990537966535392 0.034490495161576706 0.13433079120239924
0 0.34802904996004974 0.6873224185464161 0.03089324951171875 0.0680908453269083
2 0.5006058744950728 0.38192458230941023 0.8647266387939453 0.4598768682427745
0 0.5279622303355824 0.70599365234375 0.0369610595703125 0.1114168427681011
0 0.3427002507990057 0.6854454832650273 0.028718150745738635 0.07528886638703894
0 0.2735890475186435 0.7990537966535392 0.034490495161576706 0.13433079120239924
0 0.34802904996004974 0.6873224185464161 0.03089324951171875 0.0680908453269083
