4 0.5388222821553548 0.446021454674857 0.720864143371582 0.5036966914222354
2 0.5388222821553548 0.446021454674857 0.720864143371582 0.5036966914222354
2 0.5388222821553548 0.446021454674857 0.720864143371582 0.5036966914222354
2 0.5388222821553548 0.446021454674857 0.720864143371582 0.5036966914222354
2 0.5388222821553548 0.446021454674857 0.720864143371582 0.5036966914222354
2 0.5388222821553548 0.446021454674857 0.720864143371582 0.5036966914222354
2 0.5388222821553548 0.446021454674857 0.720864143371582 0.5036966914222354
2 0.5388222821553548 0.446021454674857 0.720864143371582 0.5036966914222354
2 0.5388222821553548 0.446021454674857 0.720864143371582 0.5036966914222354
2 0.5388222821553548 0.446021454674857 0.720864143371582 0.5036966914222354
