4 0.621310438676314 0.36787800189575864 0.6088188864968039 0.22385756695856812
2 0.621310438676314 0.36787800189575864 0.6088188864968039 0.22385756695856812
2 0.621310438676314 0.36787800189575864 0.6088188864968039 0.22385756695856812
2 0.621310438676314 0.36787800189575864 0.6088188864968039 0.22385756695856812
2 0.621310438676314 0.36787800189575864 0.6088188864968039 0.22385756695856812
2 0.621310438676314 0.36787800189575864 0.6088188864968039 0.22385756695856812
2 0.621310438676314 0.36787800189575864 0.6088188864968039 0.22385756695856812
2 0.621310438676314 0.36787800189575864 0.6088188864968039 0.22385756695856812
2 0.621310438676314 0.36787800189575864 0.6088188864968039 0.22385756695856812
2 0.621310438676314 0.36787800189575864 0.6088188864968039 0.22385756695856812
