7 0.4622844950358073 0.490692138671875 0.16417816162109375 0.10188783918108259
3 0.4622844950358073 0.490692138671875 0.16417816162109375 0.10188783918108259
3 0.4622844950358073 0.490692138671875 0.16417816162109375 0.10188783918108259
3 0.4622844950358073 0.490692138671875 0.16417816162109375 0.10188783918108259
3 0.4622844950358073 0.490692138671875 0.16417816162109375 0.10188783918108259
3 0.4622844950358073 0.490692138671875 0.16417816162109375 0.10188783918108259
3 0.4622844950358073 0.490692138671875 0.16417816162109375 0.10188783918108259
3 0.4622844950358073 0.490692138671875 0.16417816162109375 0.10188783918108259
3 0.4622844950358073 0.490692138671875 0.16417816162109375 0.10188783918108259
3 0.4622844950358073 0.490692138671875 0.16417816162109375 0.10188783918108259
