8 0.5814012018839518 0.5785022122519357 0.545614751180013 0.7979361897423154
4 0.5814012018839518 0.5785022122519357 0.545614751180013 0.7979361897423154
4 0.5814012018839518 0.5785022122519357 0.545614751180013 0.7979361897423154
4 0.5814012018839518 0.5785022122519357 0.545614751180013 0.7979361897423154
4 0.5814012018839518 0.5785022122519357 0.545614751180013 0.7979361897423154
4 0.5814012018839518 0.5785022122519357 0.545614751180013 0.7979361897423154
4 0.5814012018839518 0.5785022122519357 0.545614751180013 0.7979361897423154
4 0.5814012018839518 0.5785022122519357 0.545614751180013 0.7979361897423154
4 0.5814012018839518 0.5785022122519357 0.545614751180013 0.7979361897423154
4 0.5814012018839518 0.5785022122519357 0.545614751180013 0.7979361897423154
