7 0.5662998343413731 0.577524796971735 0.3934135916847853 0.5042492848522259
3 0.5662998343413731 0.577524796971735 0.3934135916847853 0.5042492848522259
3 0.5662998343413731 0.577524796971735 0.3934135916847853 0.5042492848522259
3 0.5662998343413731 0.577524796971735 0.3934135916847853 0.5042492848522259
3 0.5662998343413731 0.577524796971735 0.3934135916847853 0.5042492848522259
3 0.5662998343413731 0.577524796971735 0.3934135916847853 0.5042492848522259
3 0.5662998343413731 0.577524796971735 0.3934135916847853 0.5042492848522259
3 0.5662998343413731 0.577524796971735 0.3934135916847853 0.5042492848522259
3 0.5662998343413731 0.577524796971735 0.3934135916847853 0.5042492848522259
3 0.5662998343413731 0.577524796971735 0.3934135916847853 0.5042492848522259
