2 0.5169436088533003 0.522499823445425 0.7127249830122683 0.5952318201514439
1 0.5169436088533003 0.522499823445425 0.7127249830122683 0.5952318201514439
1 0.5169436088533003 0.522499823445425 0.7127249830122683 0.5952318201514439
1 0.5169436088533003 0.522499823445425 0.7127249830122683 0.5952318201514439
1 0.5169436088533003 0.522499823445425 0.7127249830122683 0.5952318201514439
1 0.5169436088533003 0.522499823445425 0.7127249830122683 0.5952318201514439
1 0.5169436088533003 0.522499823445425 0.7127249830122683 0.5952318201514439
1 0.5169436088533003 0.522499823445425 0.7127249830122683 0.5952318201514439
1 0.5169436088533003 0.522499823445425 0.7127249830122683 0.5952318201514439
1 0.5169436088533003 0.522499823445425 0.7127249830122683 0.5952318201514439
