2 0.377284730370365 0.6346212895711263 0.23302928867624767 0.424791742960612
2 0.490471728880014 0.32479429880777994 0.05594883249766791 0.10359489440917968
2 0.41019631001486706 0.38744068145751953 0.13275032612814833 0.23299797058105468
1 0.377284730370365 0.6346212895711263 0.23302928867624767 0.424791742960612
1 0.490471728880014 0.32479429880777994 0.05594883249766791 0.10359489440917968
1 0.41019631001486706 0.38744068145751953 0.13275032612814833 0.23299797058105468
1 0.377284730370365 0.6346212895711263 0.23302928867624767 0.424791742960612
1 0.490471728880014 0.32479429880777994 0.05594883249766791 0.10359489440917968
1 0.41019631001486706 0.38744068145751953 0.13275032612814833 0.23299797058105468
1 0.377284730370365 0.6346212895711263 0.23302928867624767 0.424791742960612
1 0.490471728880014 0.32479429880777994 0.05594883249766791 0.10359489440917968
1 0.41019631001486706 0.38744068145751953 0.13275032612814833 0.23299797058105468
1 0.377284730370365 0.6346212895711263 0.23302928867624767 0.424791742960612
1 0.490471728880014 0.32479429880777994 0.05594883249766791 0.10359489440917968
1 0.41019631001486706 0.38744068145751953 0.13275032612814833 0.23299797058105468
1 0.377284730370365 0.6346212895711263 0.23302928867624767 0.424791742960612
1 0.490471728880014 0.32479429880777994 0.05594883249766791 0.10359489440917968
1 0.41019631001486706 0.38744068145751953 0.13275032612814833 0.23299797058105468
1 0.377284730370365 0.6346212895711263 0.23302928867624767 0.424791742960612
1 0.490471728880014 0.32479429880777994 0.05594883249766791 0.10359489440917968
1 0.41019631001486706 0.38744068145751953 0.13275032612814833 0.23299797058105468
1 0.377284730370365 0.6346212895711263 0.23302928867624767 0.424791742960612
1 0.490471728880014 0.32479429880777994 0.05594883249766791 0.10359489440917968
1 0.41019631001486706 0.38744068145751953 0.13275032612814833 0.23299797058105468
1 0.377284730370365 0.6346212895711263 0.23302928867624767 0.424791742960612
1 0.490471728880014 0.32479429880777994 0.05594883249766791 0.10359489440917968
1 0.41019631001486706 0.38744068145751953 0.13275032612814833 0.23299797058105468
1 0.377284730370365 0.6346212895711263 0.23302928867624767 0.424791742960612
1 0.490471728880014 0.32479429880777994 0.05594883249766791 0.10359489440917968
1 0.41019631001486706 0.38744068145751953 0.13275032612814833 0.23299797058105468
