0 0.15490290468389337 0.3859878023638996 0.12405947771939364 0.42075929266917134
7 0.6227329427545721 0.5211465577371256 0.7371169003573331 0.572593039300244
2 0.6339825890280983 0.5148913870732337 0.7320348219438033 0.5689986283081587
0 0.15490290468389337 0.3859878023638996 0.12405947771939364 0.42075929266917134
3 0.6227329427545721 0.5211465577371256 0.7371169003573331 0.572593039300244
1 0.6339825890280983 0.5148913870732337 0.7320348219438033 0.5689986283081587
0 0.15490290468389337 0.3859878023638996 0.12405947771939364 0.42075929266917134
3 0.6227329427545721 0.5211465577371256 0.7371169003573331 0.572593039300244
1 0.6339825890280983 0.5148913870732337 0.7320348219438033 0.5689986283081587
0 0.15490290468389337 0.3859878023638996 0.12405947771939364 0.42075929266917134
3 0.6227329427545721 0.5211465577371256 0.7371169003573331 0.572593039300244
1 0.6339825890280983 0.5148913870732337 0.7320348219438033 0.5689986283081587
0 0.15490290468389337 0.3859878023638996 0.12405947771939364 0.42075929266917134
3 0.6227329427545721 0.5211465577371256 0.7371169003573331 0.572593039300244
1 0.6339825890280983 0.5148913870732337 0.7320348219438033 0.5689986283081587
0 0.15490290468389337 0.3859878023638996 0.12405947771939364 0.42075929266917134
3 0.6227329427545721 0.5211465577371256 0.7371169003573331 0.572593039300244
1 0.6339825890280983 0.5148913870732337 0.7320348219438033 0.5689986283081587
0 0.15490290468389337 0.3859878023638996 0.12405947771939364 0.42075929266917134
3 0.6227329427545721 0.5211465577371256 0.7371169003573331 0.572593039300244
1 0.6339825890280983 0.5148913870732337 0.7320348219438033 0.5689986283081587
0 0.15490290468389337 0.3859878023638996 0.12405947771939364 0.42075929266917134
3 0.6227329427545721 0.5211465577371256 0.7371169003573331 0.572593039300244
1 0.6339825890280983 0.5148913870732337 0.7320348219438033 0.5689986283081587
0 0.15490290468389337 0.3859878023638996 0.12405947771939364 0.42075929266917134
3 0.6227329427545721 0.5211465577371256 0.7371169003573331 0.572593039300244
1 0.6339825890280983 0.5148913870732337 0.7320348219438033 0.5689986283081587
0 0.15490290468389337 0.3859878023638996 0.12405947771939364 0.42075929266917134
3 0.6227329427545721 0.5211465577371256 0.7371169003573331 0.572593039300244
1 0.6339825890280983 0.5148913870732337 0.7320348219438033 0.5689986283081587
