7 0.45600692195074 0.49053119751344243 0.3682082273779136 0.45405659043645286
0 0.5260560945315723 0.6308292021234352 0.0897911248033983 0.3719653853450913
3 0.45600692195074 0.49053119751344243 0.3682082273779136 0.45405659043645286
0 0.5260560945315723 0.6308292021234352 0.0897911248033983 0.3719653853450913
3 0.45600692195074 0.49053119751344243 0.3682082273779136 0.45405659043645286
0 0.5260560945315723 0.6308292021234352 0.0897911248033983 0.3719653853450913
3 0.45600692195074 0.49053119751344243 0.3682082273779136 0.45405659043645286
0 0.5260560945315723 0.6308292021234352 0.0897911248033983 0.3719653853450913
3 0.45600692195074 0.49053119751344243 0.3682082273779136 0.45405659043645286
0 0.5260560945315723 0.6308292021234352 0.0897911248033983 0.3719653853450913
3 0.45600692195074 0.49053119751344243 0.3682082273779136 0.45405659043645286
0 0.5260560945315723 0.6308292021234352 0.0897911248033983 0.3719653853450913
3 0.45600692195074 0.49053119751344243 0.3682082273779136 0.45405659043645286
0 0.5260560945315723 0.6308292021234352 0.0897911248033983 0.3719653853450913
3 0.45600692195074 0.49053119751344243 0.3682082273779136 0.45405659043645286
0 0.5260560945315723 0.6308292021234352 0.0897911248033983 0.3719653853450913
3 0.45600692195074 0.49053119751344243 0.3682082273779136 0.45405659043645286
0 0.5260560945315723 0.6308292021234352 0.0897911248033983 0.3719653853450913
3 0.45600692195074 0.49053119751344243 0.3682082273779136 0.45405659043645286
0 0.5260560945315723 0.6308292021234352 0.0897911248033983 0.3719653853450913
