7 0.48095481122126343 0.5595693692294034 0.5334710501582245 0.1306560724431818
3 0.48095481122126343 0.5595693692294034 0.5334710501582245 0.1306560724431818
3 0.48095481122126343 0.5595693692294034 0.5334710501582245 0.1306560724431818
3 0.48095481122126343 0.5595693692294034 0.5334710501582245 0.1306560724431818
3 0.48095481122126343 0.5595693692294034 0.5334710501582245 0.1306560724431818
3 0.48095481122126343 0.5595693692294034 0.5334710501582245 0.1306560724431818
3 0.48095481122126343 0.5595693692294034 0.5334710501582245 0.1306560724431818
3 0.48095481122126343 0.5595693692294034 0.5334710501582245 0.1306560724431818
3 0.48095481122126343 0.5595693692294034 0.5334710501582245 0.1306560724431818
3 0.48095481122126343 0.5595693692294034 0.5334710501582245 0.1306560724431818
