2 0.8065887728604404 0.6376875163427468 0.35539378773082386 0.2736967326513405
0 0.8919302368164063 0.4950685344758581 0.03660294966264205 0.0983827517983692
7 0.4473298645019531 0.685981896405663 0.6424952559037642 0.490675587471717
2 0.983260664506392 0.5837465713584358 0.032989945845170454 0.34135878932932034
1 0.8065887728604404 0.6376875163427468 0.35539378773082386 0.2736967326513405
0 0.8919302368164063 0.4950685344758581 0.03660294966264205 0.0983827517983692
3 0.4473298645019531 0.685981896405663 0.6424952559037642 0.490675587471717
1 0.983260664506392 0.5837465713584358 0.032989945845170454 0.34135878932932034
1 0.8065887728604404 0.6376875163427468 0.35539378773082386 0.2736967326513405
0 0.8919302368164063 0.4950685344758581 0.03660294966264205 0.0983827517983692
3 0.4473298645019531 0.685981896405663 0.6424952559037642 0.490675587471717
1 0.983260664506392 0.5837465713584358 0.032989945845170454 0.34135878932932034
1 0.8065887728604404 0.6376875163427468 0.35539378773082386 0.2736967326513405
0 0.8919302368164063 0.4950685344758581 0.03660294966264205 0.0983827517983692
3 0.4473298645019531 0.685981896405663 0.6424952559037642 0.490675587471717
1 0.983260664506392 0.5837465713584358 0.032989945845170454 0.34135878932932034
1 0.8065887728604404 0.6376875163427468 0.35539378773082386 0.2736967326513405
0 0.8919302368164063 0.4950685344758581 0.03660294966264205 0.0983827517983692
3 0.4473298645019531 0.685981896405663 0.6424952559037642 0.490675587471717
1 0.983260664506392 0.5837465713584358 0.032989945845170454 0.34135878932932034
1 0.8065887728604404 0.6376875163427468 0.35539378773082386 0.2736967326513405
0 0.8919302368164063 0.4950685344758581 0.03660294966264205 0.0983827517983692
3 0.4473298645019531 0.685981896405663 0.6424952559037642 0.490675587471717
1 0.983260664506392 0.5837465713584358 0.032989945845170454 0.34135878932932034
1 0.8065887728604404 0.6376875163427468 0.35539378773082386 0.2736967326513405
0 0.8919302368164063 0.4950685344758581 0.03660294966264205 0.0983827517983692
3 0.4473298645019531 0.685981896405663 0.6424952559037642 0.490675587471717
1 0.983260664506392 0.5837465713584358 0.032989945845170454 0.34135878932932034
1 0.8065887728604404 0.6376875163427468 0.35539378773082386 0.2736967326513405
0 0.8919302368164063 0.4950685344758581 0.03660294966264205 0.0983827517983692
3 0.4473298645019531 0.685981896405663 0.6424952559037642 0.490675587471717
1 0.983260664506392 0.5837465713584358 0.032989945845170454 0.34135878932932034
1 0.8065887728604404 0.6376875163427468 0.35539378773082386 0.2736967326513405
0 0.8919302368164063 0.4950685344758581 0.03660294966264205 0.0983827517983692
3 0.4473298645019531 0.685981896405663 0.6424952559037642 0.490675587471717
1 0.983260664506392 0.5837465713584358 0.032989945845170454 0.34135878932932034
1 0.8065887728604404 0.6376875163427468 0.35539378773082386 0.2736967326513405
0 0.8919302368164063 0.4950685344758581 0.03660294966264205 0.0983827517983692
3 0.4473298645019531 0.685981896405663 0.6424952559037642 0.490675587471717
1 0.983260664506392 0.5837465713584358 0.032989945845170454 0.34135878932932034
