7 0.4330237926136364 0.5165131157213222 0.4978095037286932 0.4699016216674138
2 0.432391225641424 0.5162367377776266 0.4988408175381747 0.47200026798769423
2 0.9247425426136363 0.4410170883428855 0.02654230291193182 0.0392241347682932
2 0.9221482710404829 0.4452090028856621 0.028622048117897727 0.033514429311283296
3 0.4330237926136364 0.5165131157213222 0.4978095037286932 0.4699016216674138
1 0.432391225641424 0.5162367377776266 0.4988408175381747 0.47200026798769423
1 0.9247425426136363 0.4410170883428855 0.02654230291193182 0.0392241347682932
1 0.9221482710404829 0.4452090028856621 0.028622048117897727 0.033514429311283296
3 0.4330237926136364 0.5165131157213222 0.4978095037286932 0.4699016216674138
1 0.432391225641424 0.5162367377776266 0.4988408175381747 0.47200026798769423
1 0.9247425426136363 0.4410170883428855 0.02654230291193182 0.0392241347682932
1 0.9221482710404829 0.4452090028856621 0.028622048117897727 0.033514429311283296
3 0.4330237926136364 0.5165131157213222 0.4978095037286932 0.4699016216674138
1 0.432391225641424 0.5162367377776266 0.4988408175381747 0.47200026798769423
1 0.9247425426136363 0.4410170883428855 0.02654230291193182 0.0392241347682932
1 0.9221482710404829 0.4452090028856621 0.028622048117897727 0.033514429311283296
3 0.4330237926136364 0.5165131157213222 0.4978095037286932 0.4699016216674138
1 0.432391225641424 0.5162367377776266 0.4988408175381747 0.47200026798769423
1 0.9247425426136363 0.4410170883428855 0.02654230291193182 0.0392241347682932
1 0.9221482710404829 0.4452090028856621 0.028622048117897727 0.033514429311283296
3 0.4330237926136364 0.5165131157213222 0.4978095037286932 0.4699016216674138
1 0.432391225641424 0.5162367377776266 0.4988408175381747 0.47200026798769423
1 0.9247425426136363 0.4410170883428855 0.02654230291193182 0.0392241347682932
1 0.9221482710404829 0.4452090028856621 0.028622048117897727 0.033514429311283296
3 0.4330237926136364 0.5165131157213222 0.4978095037286932 0.4699016216674138
1 0.432391225641424 0.5162367377776266 0.4988408175381747 0.47200026798769423
1 0.9247425426136363 0.4410170883428855 0.02654230291193182 0.0392241347682932
1 0.9221482710404829 0.4452090028856621 0.028622048117897727 0.033514429311283296
3 0.4330237926136364 0.5165131157213222 0.4978095037286932 0.4699016216674138
1 0.432391225641424 0.5162367377776266 0.4988408175381747 0.47200026798769423
1 0.9247425426136363 0.4410170883428855 0.02654230291193182 0.0392241347682932
1 0.9221482710404829 0.4452090028856621 0.028622048117897727 0.033514429311283296
3 0.4330237926136364 0.5165131157213222 0.4978095037286932 0.4699016216674138
1 0.432391225641424 0.5162367377776266 0.4988408175381747 0.47200026798769423
1 0.9247425426136363 0.4410170883428855 0.02654230291193182 0.0392241347682932
1 0.9221482710404829 0.4452090028856621 0.028622048117897727 0.033514429311283296
3 0.4330237926136364 0.5165131157213222 0.4978095037286932 0.4699016216674138
1 0.432391225641424 0.5162367377776266 0.4988408175381747 0.47200026798769423
1 0.9247425426136363 0.4410170883428855 0.02654230291193182 0.0392241347682932
1 0.9221482710404829 0.4452090028856621 0.028622048117897727 0.033514429311283296
