7 0.5271531211005317 0.7252655275406376 0.32113014032811293 0.3200551186838458
3 0.5271531211005317 0.7252655275406376 0.32113014032811293 0.3200551186838458
3 0.5271531211005317 0.7252655275406376 0.32113014032811293 0.3200551186838458
3 0.5271531211005317 0.7252655275406376 0.32113014032811293 0.3200551186838458
3 0.5271531211005317 0.7252655275406376 0.32113014032811293 0.3200551186838458
3 0.5271531211005317 0.7252655275406376 0.32113014032811293 0.3200551186838458
3 0.5271531211005317 0.7252655275406376 0.32113014032811293 0.3200551186838458
3 0.5271531211005317 0.7252655275406376 0.32113014032811293 0.3200551186838458
3 0.5271531211005317 0.7252655275406376 0.32113014032811293 0.3200551186838458
3 0.5271531211005317 0.7252655275406376 0.32113014032811293 0.3200551186838458
