2 0.06526479226425577 0.24538093252280324 0.13025752508214541 0.17757057897823372
1 0.06526479226425577 0.24538093252280324 0.13025752508214541 0.17757057897823372
1 0.06526479226425577 0.24538093252280324 0.13025752508214541 0.17757057897823372
1 0.06526479226425577 0.24538093252280324 0.13025752508214541 0.17757057897823372
1 0.06526479226425577 0.24538093252280324 0.13025752508214541 0.17757057897823372
1 0.06526479226425577 0.24538093252280324 0.13025752508214541 0.17757057897823372
1 0.06526479226425577 0.24538093252280324 0.13025752508214541 0.17757057897823372
1 0.06526479226425577 0.24538093252280324 0.13025752508214541 0.17757057897823372
1 0.06526479226425577 0.24538093252280324 0.13025752508214541 0.17757057897823372
1 0.06526479226425577 0.24538093252280324 0.13025752508214541 0.17757057897823372
