7 0.47875267382294057 0.43976765563807535 0.489801988638506 0.5870171084846418
2 0.12183217252658601 0.30209860850855247 0.24308036256250729 0.15677920076035962
2 0.32343853394497313 0.28282491939584004 0.18220564205213863 0.10614697957776256
3 0.47875267382294057 0.43976765563807535 0.489801988638506 0.5870171084846418
1 0.12183217252658601 0.30209860850855247 0.24308036256250729 0.15677920076035962
1 0.32343853394497313 0.28282491939584004 0.18220564205213863 0.10614697957776256
3 0.47875267382294057 0.43976765563807535 0.489801988638506 0.5870171084846418
1 0.12183217252658601 0.30209860850855247 0.24308036256250729 0.15677920076035962
1 0.32343853394497313 0.28282491939584004 0.18220564205213863 0.10614697957776256
3 0.47875267382294057 0.43976765563807535 0.489801988638506 0.5870171084846418
1 0.12183217252658601 0.30209860850855247 0.24308036256250729 0.15677920076035962
1 0.32343853394497313 0.28282491939584004 0.18220564205213863 0.10614697957776256
3 0.47875267382294057 0.43976765563807535 0.489801988638506 0.5870171084846418
1 0.12183217252658601 0.30209860850855247 0.24308036256250729 0.15677920076035962
1 0.32343853394497313 0.28282491939584004 0.18220564205213863 0.10614697957776256
3 0.47875267382294057 0.43976765563807535 0.489801988638506 0.5870171084846418
1 0.12183217252658601 0.30209860850855247 0.24308036256250729 0.15677920076035962
1 0.32343853394497313 0.28282491939584004 0.18220564205213863 0.10614697957776256
3 0.47875267382294057 0.43976765563807535 0.489801988638506 0.5870171084846418
1 0.12183217252658601 0.30209860850855247 0.24308036256250729 0.15677920076035962
1 0.32343853394497313 0.28282491939584004 0.18220564205213863 0.10614697957776256
3 0.47875267382294057 0.43976765563807535 0.489801988638506 0.5870171084846418
1 0.12183217252658601 0.30209860850855247 0.24308036256250729 0.15677920076035962
1 0.32343853394497313 0.28282491939584004 0.18220564205213863 0.10614697957776256
3 0.47875267382294057 0.43976765563807535 0.489801988638506 0.5870171084846418
1 0.12183217252658601 0.30209860850855247 0.24308036256250729 0.15677920076035962
1 0.32343853394497313 0.28282491939584004 0.18220564205213863 0.10614697957776256
3 0.47875267382294057 0.43976765563807535 0.489801988638506 0.5870171084846418
1 0.12183217252658601 0.30209860850855247 0.24308036256250729 0.15677920076035962
1 0.32343853394497313 0.28282491939584004 0.18220564205213863 0.10614697957776256
