7 0.501422135035197 0.6046366918654669 0.7958355394999186 0.6018217177618117
3 0.501422135035197 0.6046366918654669 0.7958355394999186 0.6018217177618117
3 0.501422135035197 0.6046366918654669 0.7958355394999186 0.6018217177618117
3 0.501422135035197 0.6046366918654669 0.7958355394999186 0.6018217177618117
3 0.501422135035197 0.6046366918654669 0.7958355394999186 0.6018217177618117
3 0.501422135035197 0.6046366918654669 0.7958355394999186 0.6018217177618117
3 0.501422135035197 0.6046366918654669 0.7958355394999186 0.6018217177618117
3 0.501422135035197 0.6046366918654669 0.7958355394999186 0.6018217177618117
3 0.501422135035197 0.6046366918654669 0.7958355394999186 0.6018217177618117
3 0.501422135035197 0.6046366918654669 0.7958355394999186 0.6018217177618117
