0 0.5161812473350847 0.6184033431575797 0.1186673876265405 0.5307671282924501
2 0.7714076243655782 0.6477727728374933 0.20139629740110584 0.2126448895298155
2 0.8131694256419867 0.6526648095772092 0.28897551415671763 0.2167214862370895
0 0.5161812473350847 0.6184033431575797 0.1186673876265405 0.5307671282924501
1 0.7714076243655782 0.6477727728374933 0.20139629740110584 0.2126448895298155
1 0.8131694256419867 0.6526648095772092 0.28897551415671763 0.2167214862370895
0 0.5161812473350847 0.6184033431575797 0.1186673876265405 0.5307671282924501
1 0.7714076243655782 0.6477727728374933 0.20139629740110584 0.2126448895298155
1 0.8131694256419867 0.6526648095772092 0.28897551415671763 0.2167214862370895
0 0.5161812473350847 0.6184033431575797 0.1186673876265405 0.5307671282924501
1 0.7714076243655782 0.6477727728374933 0.20139629740110584 0.2126448895298155
1 0.8131694256419867 0.6526648095772092 0.28897551415671763 0.2167214862370895
0 0.5161812473350847 0.6184033431575797 0.1186673876265405 0.5307671282924501
1 0.7714076243655782 0.6477727728374933 0.20139629740110584 0.2126448895298155
1 0.8131694256419867 0.6526648095772092 0.28897551415671763 0.2167214862370895
0 0.5161812473350847 0.6184033431575797 0.1186673876265405 0.5307671282924501
1 0.7714076243655782 0.6477727728374933 0.20139629740110584 0.2126448895298155
1 0.8131694256419867 0.6526648095772092 0.28897551415671763 0.2167214862370895
0 0.5161812473350847 0.6184033431575797 0.1186673876265405 0.5307671282924501
1 0.7714076243655782 0.6477727728374933 0.20139629740110584 0.2126448895298155
1 0.8131694256419867 0.6526648095772092 0.28897551415671763 0.2167214862370895
0 0.5161812473350847 0.6184033431575797 0.1186673876265405 0.5307671282924501
1 0.7714076243655782 0.6477727728374933 0.20139629740110584 0.2126448895298155
1 0.8131694256419867 0.6526648095772092 0.28897551415671763 0.2167214862370895
0 0.5161812473350847 0.6184033431575797 0.1186673876265405 0.5307671282924501
1 0.7714076243655782 0.6477727728374933 0.20139629740110584 0.2126448895298155
1 0.8131694256419867 0.6526648095772092 0.28897551415671763 0.2167214862370895
0 0.5161812473350847 0.6184033431575797 0.1186673876265405 0.5307671282924501
1 0.7714076243655782 0.6477727728374933 0.20139629740110584 0.2126448895298155
1 0.8131694256419867 0.6526648095772092 0.28897551415671763 0.2167214862370895
