2 0.7481903076171875 0.7721728548977544 0.24895097212357956 0.31427468888746585
2 0.3076760378750888 0.8628468747998848 0.25841934204101563 0.2618465736264088
2 0.3640986772017045 0.35063873874685153 0.17074057839133522 0.22264928765635672
2 0.05483560117808255 0.369984329723921 0.10899788444692439 0.2302962131187564
2 0.07451823191209273 0.24341118921999072 0.14836440953341398 0.20987033322860635
2 0.32861848310990766 0.21903548214604945 0.1417448564009233 0.18253442107654008
2 0.7078392167524858 0.38917822915999617 0.18732072310014206 0.27526943019179045
2 0.3408562053333629 0.7257925148218707 0.2223520868474787 0.23630853038016564
2 0.33596600619229405 0.47322647428252007 0.18622411554509943 0.1818114317180029
2 0.5903821078213778 0.07513416253152441 0.12739707253196023 0.1433059195351731
2 0.1237270060452548 0.11765093621009035 0.13510533072731712 0.1627054214477539
2 0.652311151677912 0.2235845034239722 0.14867137562144886 0.22372138435071934
7 0.37144256591796876 0.10631315173998557 0.13662653142755682 0.16593007832928433
2 0.01602075755596161 0.8227313724371905 0.03192088723182678 0.3004157478040685
2 0.3717012994939631 0.1054759950585704 0.13796863902698864 0.16443060525779515
2 0.03638435683467171 0.6013062899229956 0.07263714237646623 0.3337461961423113
7 0.035787732113491406 0.6007783399905012 0.0714196696064689 0.33688846442217385
1 0.7481903076171875 0.7721728548977544 0.24895097212357956 0.31427468888746585
1 0.3076760378750888 0.8628468747998848 0.25841934204101563 0.2618465736264088
1 0.3640986772017045 0.35063873874685153 0.17074057839133522 0.22264928765635672
1 0.05483560117808255 0.369984329723921 0.10899788444692439 0.2302962131187564
1 0.07451823191209273 0.24341118921999072 0.14836440953341398 0.20987033322860635
1 0.32861848310990766 0.21903548214604945 0.1417448564009233 0.18253442107654008
1 0.7078392167524858 0.38917822915999617 0.18732072310014206 0.27526943019179045
1 0.3408562053333629 0.7257925148218707 0.2223520868474787 0.23630853038016564
1 0.33596600619229405 0.47322647428252007 0.18622411554509943 0.1818114317180029
1 0.5903821078213778 0.07513416253152441 0.12739707253196023 0.1433059195351731
1 0.1237270060452548 0.11765093621009035 0.13510533072731712 0.1627054214477539
1 0.652311151677912 0.2235845034239722 0.14867137562144886 0.22372138435071934
3 0.37144256591796876 0.10631315173998557 0.13662653142755682 0.16593007832928433
1 0.01602075755596161 0.8227313724371905 0.03192088723182678 0.3004157478040685
1 0.3717012994939631 0.1054759950585704 0.13796863902698864 0.16443060525779515
1 0.03638435683467171 0.6013062899229956 0.07263714237646623 0.3337461961423113
3 0.035787732113491406 0.6007783399905012 0.0714196696064689 0.33688846442217385
1 0.7481903076171875 0.7721728548977544 0.24895097212357956 0.31427468888746585
1 0.3076760378750888 0.8628468747998848 0.25841934204101563 0.2618465736264088
1 0.3640986772017045 0.35063873874685153 0.17074057839133522 0.22264928765635672
1 0.05483560117808255 0.369984329723921 0.10899788444692439 0.2302962131187564
1 0.07451823191209273 0.24341118921999072 0.14836440953341398 0.20987033322860635
1 0.32861848310990766 0.21903548214604945 0.1417448564009233 0.18253442107654008
1 0.7078392167524858 0.38917822915999617 0.18732072310014206 0.27526943019179045
1 0.3408562053333629 0.7257925148218707 0.2223520868474787 0.23630853038016564
1 0.33596600619229405 0.47322647428252007 0.18622411554509943 0.1818114317180029
1 0.5903821078213778 0.07513416253152441 0.12739707253196023 0.1433059195351731
1 0.1237270060452548 0.11765093621009035 0.13510533072731712 0.1627054214477539
1 0.652311151677912 0.2235845034239722 0.14867137562144886 0.22372138435071934
3 0.37144256591796876 0.10631315173998557 0.13662653142755682 0.16593007832928433
1 0.01602075755596161 0.8227313724371905 0.03192088723182678 0.3004157478040685
1 0.3717012994939631 0.1054759950585704 0.13796863902698864 0.16443060525779515
1 0.03638435683467171 0.6013062899229956 0.07263714237646623 0.3337461961423113
3 0.035787732113491406 0.6007783399905012 0.0714196696064689 0.33688846442217385
1 0.7481903076171875 0.7721728548977544 0.24895097212357956 0.31427468888746585
1 0.3076760378750888 0.8628468747998848 0.25841934204101563 0.2618465736264088
1 0.3640986772017045 0.35063873874685153 0.17074057839133522 0.22264928765635672
1 0.05483560117808255 0.369984329723921 0.10899788444692439 0.2302962131187564
1 0.07451823191209273 0.24341118921999072 0.14836440953341398 0.20987033322860635
1 0.32861848310990766 0.21903548214604945 0.1417448564009233 0.18253442107654008
1 0.7078392167524858 0.38917822915999617 0.18732072310014206 0.27526943019179045
1 0.3408562053333629 0.7257925148218707 0.2223520868474787 0.23630853038016564
1 0.33596600619229405 0.47322647428252007 0.18622411554509943 0.1818114317180029
1 0.5903821078213778 0.07513416253152441 0.12739707253196023 0.1433059195351731
1 0.1237270060452548 0.11765093621009035 0.13510533072731712 0.1627054214477539
1 0.652311151677912 0.2235845034239722 0.14867137562144886 0.22372138435071934
3 0.37144256591796876 0.10631315173998557 0.13662653142755682 0.16593007832928433
1 0.01602075755596161 0.8227313724371905 0.03192088723182678 0.3004157478040685
1 0.3717012994939631 0.1054759950585704 0.13796863902698864 0.16443060525779515
1 0.03638435683467171 0.6013062899229956 0.07263714237646623 0.3337461961423113
3 0.035787732113491406 0.6007783399905012 0.0714196696064689 0.33688846442217385
1 0.7481903076171875 0.7721728548977544 0.24895097212357956 0.31427468888746585
1 0.3076760378750888 0.8628468747998848 0.25841934204101563 0.2618465736264088
1 0.3640986772017045 0.35063873874685153 0.17074057839133522 0.22264928765635672
1 0.05483560117808255 0.369984329723921 0.10899788444692439 0.2302962131187564
1 0.07451823191209273 0.24341118921999072 0.14836440953341398 0.20987033322860635
1 0.32861848310990766 0.21903548214604945 0.1417448564009233 0.18253442107654008
1 0.7078392167524858 0.38917822915999617 0.18732072310014206 0.27526943019179045
1 0.3408562053333629 0.7257925148218707 0.2223520868474787 0.23630853038016564
1 0.33596600619229405 0.47322647428252007 0.18622411554509943 0.1818114317180029
1 0.5903821078213778 0.07513416253152441 0.12739707253196023 0.1433059195351731
1 0.1237270060452548 0.11765093621009035 0.13510533072731712 0.1627054214477539
1 0.652311151677912 0.2235845034239722 0.14867137562144886 0.22372138435071934
3 0.37144256591796876 0.10631315173998557 0.13662653142755682 0.16593007832928433
1 0.01602075755596161 0.8227313724371905 0.03192088723182678 0.3004157478040685
1 0.3717012994939631 0.1054759950585704 0.13796863902698864 0.16443060525779515
1 0.03638435683467171 0.6013062899229956 0.07263714237646623 0.3337461961423113
3 0.035787732113491406 0.6007783399905012 0.0714196696064689 0.33688846442217385
1 0.7481903076171875 0.7721728548977544 0.24895097212357956 0.31427468888746585
1 0.3076760378750888 0.8628468747998848 0.25841934204101563 0.2618465736264088
1 0.3640986772017045 0.35063873874685153 0.17074057839133522 0.22264928765635672
1 0.05483560117808255 0.369984329723921 0.10899788444692439 0.2302962131187564
1 0.07451823191209273 0.24341118921999072 0.14836440953341398 0.20987033322860635
1 0.32861848310990766 0.21903548214604945 0.1417448564009233 0.18253442107654008
1 0.7078392167524858 0.38917822915999617 0.18732072310014206 0.27526943019179045
1 0.3408562053333629 0.7257925148218707 0.2223520868474787 0.23630853038016564
1 0.33596600619229405 0.47322647428252007 0.18622411554509943 0.1818114317180029
1 0.5903821078213778 0.07513416253152441 0.12739707253196023 0.1433059195351731
1 0.1237270060452548 0.11765093621009035 0.13510533072731712 0.1627054214477539
1 0.652311151677912 0.2235845034239722 0.14867137562144886 0.22372138435071934
3 0.37144256591796876 0.10631315173998557 0.13662653142755682 0.16593007832928433
1 0.01602075755596161 0.8227313724371905 0.03192088723182678 0.3004157478040685
1 0.3717012994939631 0.1054759950585704 0.13796863902698864 0.16443060525779515
1 0.03638435683467171 0.6013062899229956 0.07263714237646623 0.3337461961423113
3 0.035787732113491406 0.6007783399905012 0.0714196696064689 0.33688846442217385
1 0.7481903076171875 0.7721728548977544 0.24895097212357956 0.31427468888746585
1 0.3076760378750888 0.8628468747998848 0.25841934204101563 0.2618465736264088
1 0.3640986772017045 0.35063873874685153 0.17074057839133522 0.22264928765635672
1 0.05483560117808255 0.369984329723921 0.10899788444692439 0.2302962131187564
1 0.07451823191209273 0.24341118921999072 0.14836440953341398 0.20987033322860635
1 0.32861848310990766 0.21903548214604945 0.1417448564009233 0.18253442107654008
1 0.7078392167524858 0.38917822915999617 0.18732072310014206 0.27526943019179045
1 0.3408562053333629 0.7257925148218707 0.2223520868474787 0.23630853038016564
1 0.33596600619229405 0.47322647428252007 0.18622411554509943 0.1818114317180029
1 0.5903821078213778 0.07513416253152441 0.12739707253196023 0.1433059195351731
1 0.1237270060452548 0.11765093621009035 0.13510533072731712 0.1627054214477539
1 0.652311151677912 0.2235845034239722 0.14867137562144886 0.22372138435071934
3 0.37144256591796876 0.10631315173998557 0.13662653142755682 0.16593007832928433
1 0.01602075755596161 0.8227313724371905 0.03192088723182678 0.3004157478040685
1 0.3717012994939631 0.1054759950585704 0.13796863902698864 0.16443060525779515
1 0.03638435683467171 0.6013062899229956 0.07263714237646623 0.3337461961423113
3 0.035787732113491406 0.6007783399905012 0.0714196696064689 0.33688846442217385
1 0.7481903076171875 0.7721728548977544 0.24895097212357956 0.31427468888746585
1 0.3076760378750888 0.8628468747998848 0.25841934204101563 0.2618465736264088
1 0.3640986772017045 0.35063873874685153 0.17074057839133522 0.22264928765635672
1 0.05483560117808255 0.369984329723921 0.10899788444692439 0.2302962131187564
1 0.07451823191209273 0.24341118921999072 0.14836440953341398 0.20987033322860635
1 0.32861848310990766 0.21903548214604945 0.1417448564009233 0.18253442107654008
1 0.7078392167524858 0.38917822915999617 0.18732072310014206 0.27526943019179045
1 0.3408562053333629 0.7257925148218707 0.2223520868474787 0.23630853038016564
1 0.33596600619229405 0.47322647428252007 0.18622411554509943 0.1818114317180029
1 0.5903821078213778 0.07513416253152441 0.12739707253196023 0.1433059195351731
1 0.1237270060452548 0.11765093621009035 0.13510533072731712 0.1627054214477539
1 0.652311151677912 0.2235845034239722 0.14867137562144886 0.22372138435071934
3 0.37144256591796876 0.10631315173998557 0.13662653142755682 0.16593007832928433
1 0.01602075755596161 0.8227313724371905 0.03192088723182678 0.3004157478040685
1 0.3717012994939631 0.1054759950585704 0.13796863902698864 0.16443060525779515
1 0.03638435683467171 0.6013062899229956 0.07263714237646623 0.3337461961423113
3 0.035787732113491406 0.6007783399905012 0.0714196696064689 0.33688846442217385
1 0.7481903076171875 0.7721728548977544 0.24895097212357956 0.31427468888746585
1 0.3076760378750888 0.8628468747998848 0.25841934204101563 0.2618465736264088
1 0.3640986772017045 0.35063873874685153 0.17074057839133522 0.22264928765635672
1 0.05483560117808255 0.369984329723921 0.10899788444692439 0.2302962131187564
1 0.07451823191209273 0.24341118921999072 0.14836440953341398 0.20987033322860635
1 0.32861848310990766 0.21903548214604945 0.1417448564009233 0.18253442107654008
1 0.7078392167524858 0.38917822915999617 0.18732072310014206 0.27526943019179045
1 0.3408562053333629 0.7257925148218707 0.2223520868474787 0.23630853038016564
1 0.33596600619229405 0.47322647428252007 0.18622411554509943 0.1818114317180029
1 0.5903821078213778 0.07513416253152441 0.12739707253196023 0.1433059195351731
1 0.1237270060452548 0.11765093621009035 0.13510533072731712 0.1627054214477539
1 0.652311151677912 0.2235845034239722 0.14867137562144886 0.22372138435071934
3 0.37144256591796876 0.10631315173998557 0.13662653142755682 0.16593007832928433
1 0.01602075755596161 0.8227313724371905 0.03192088723182678 0.3004157478040685
1 0.3717012994939631 0.1054759950585704 0.13796863902698864 0.16443060525779515
1 0.03638435683467171 0.6013062899229956 0.07263714237646623 0.3337461961423113
3 0.035787732113491406 0.6007783399905012 0.0714196696064689 0.33688846442217385
1 0.7481903076171875 0.7721728548977544 0.24895097212357956 0.31427468888746585
1 0.3076760378750888 0.8628468747998848 0.25841934204101563 0.2618465736264088
1 0.3640986772017045 0.35063873874685153 0.17074057839133522 0.22264928765635672
1 0.05483560117808255 0.369984329723921 0.10899788444692439 0.2302962131187564
1 0.07451823191209273 0.24341118921999072 0.14836440953341398 0.20987033322860635
1 0.32861848310990766 0.21903548214604945 0.1417448564009233 0.18253442107654008
1 0.7078392167524858 0.38917822915999617 0.18732072310014206 0.27526943019179045
1 0.3408562053333629 0.7257925148218707 0.2223520868474787 0.23630853038016564
1 0.33596600619229405 0.47322647428252007 0.18622411554509943 0.1818114317180029
1 0.5903821078213778 0.07513416253152441 0.12739707253196023 0.1433059195351731
1 0.1237270060452548 0.11765093621009035 0.13510533072731712 0.1627054214477539
1 0.652311151677912 0.2235845034239722 0.14867137562144886 0.22372138435071934
3 0.37144256591796876 0.10631315173998557 0.13662653142755682 0.16593007832928433
1 0.01602075755596161 0.8227313724371905 0.03192088723182678 0.3004157478040685
1 0.3717012994939631 0.1054759950585704 0.13796863902698864 0.16443060525779515
1 0.03638435683467171 0.6013062899229956 0.07263714237646623 0.3337461961423113
3 0.035787732113491406 0.6007783399905012 0.0714196696064689 0.33688846442217385
