7 0.49530816078186035 0.4871404795419602 0.8014889844258626 0.6083848022279286
3 0.49530816078186035 0.4871404795419602 0.8014889844258626 0.6083848022279286
3 0.49530816078186035 0.4871404795419602 0.8014889844258626 0.6083848022279286
3 0.49530816078186035 0.4871404795419602 0.8014889844258626 0.6083848022279286
3 0.49530816078186035 0.4871404795419602 0.8014889844258626 0.6083848022279286
3 0.49530816078186035 0.4871404795419602 0.8014889844258626 0.6083848022279286
3 0.49530816078186035 0.4871404795419602 0.8014889844258626 0.6083848022279286
3 0.49530816078186035 0.4871404795419602 0.8014889844258626 0.6083848022279286
3 0.49530816078186035 0.4871404795419602 0.8014889844258626 0.6083848022279286
3 0.49530816078186035 0.4871404795419602 0.8014889844258626 0.6083848022279286
