0 0.6136999257405599 0.4700716677166167 0.06798233032226562 0.2319294838678269
7 0.750655517578125 0.20017154576877752 0.4926912434895833 0.39605470799974035
2 0.14483443974827725 0.3650110761324565 0.2894200182085236 0.6040369726362682
7 0.14463075876235962 0.3647963802019755 0.2892078733444214 0.6067782526924497
0 0.29542396545410154 0.22486544790722074 0.06636800130208333 0.276827199118478
0 0.8289534759521484 0.5954219273158482 0.06018264770507813 0.169101805914016
0 0.6136999257405599 0.4700716677166167 0.06798233032226562 0.2319294838678269
3 0.750655517578125 0.20017154576877752 0.4926912434895833 0.39605470799974035
1 0.14483443974827725 0.3650110761324565 0.2894200182085236 0.6040369726362682
3 0.14463075876235962 0.3647963802019755 0.2892078733444214 0.6067782526924497
0 0.29542396545410154 0.22486544790722074 0.06636800130208333 0.276827199118478
0 0.8289534759521484 0.5954219273158482 0.06018264770507813 0.169101805914016
0 0.6136999257405599 0.4700716677166167 0.06798233032226562 0.2319294838678269
3 0.750655517578125 0.20017154576877752 0.4926912434895833 0.39605470799974035
1 0.14483443974827725 0.3650110761324565 0.2894200182085236 0.6040369726362682
3 0.14463075876235962 0.3647963802019755 0.2892078733444214 0.6067782526924497
0 0.29542396545410154 0.22486544790722074 0.06636800130208333 0.276827199118478
0 0.8289534759521484 0.5954219273158482 0.06018264770507813 0.169101805914016
0 0.6136999257405599 0.4700716677166167 0.06798233032226562 0.2319294838678269
3 0.750655517578125 0.20017154576877752 0.4926912434895833 0.39605470799974035
1 0.14483443974827725 0.3650110761324565 0.2894200182085236 0.6040369726362682
3 0.14463075876235962 0.3647963802019755 0.2892078733444214 0.6067782526924497
0 0.29542396545410154 0.22486544790722074 0.06636800130208333 0.276827199118478
0 0.8289534759521484 0.5954219273158482 0.06018264770507813 0.169101805914016
0 0.6136999257405599 0.4700716677166167 0.06798233032226562 0.2319294838678269
3 0.750655517578125 0.20017154576877752 0.4926912434895833 0.39605470799974035
1 0.14483443974827725 0.3650110761324565 0.2894200182085236 0.6040369726362682
3 0.14463075876235962 0.3647963802019755 0.2892078733444214 0.6067782526924497
0 0.29542396545410154 0.22486544790722074 0.06636800130208333 0.276827199118478
0 0.8289534759521484 0.5954219273158482 0.06018264770507813 0.169101805914016
0 0.6136999257405599 0.4700716677166167 0.06798233032226562 0.2319294838678269
3 0.750655517578125 0.20017154576877752 0.4926912434895833 0.39605470799974035
1 0.14483443974827725 0.3650110761324565 0.2894200182085236 0.6040369726362682
3 0.14463075876235962 0.3647963802019755 0.2892078733444214 0.6067782526924497
0 0.29542396545410154 0.22486544790722074 0.06636800130208333 0.276827199118478
0 0.8289534759521484 0.5954219273158482 0.06018264770507813 0.169101805914016
0 0.6136999257405599 0.4700716677166167 0.06798233032226562 0.2319294838678269
3 0.750655517578125 0.20017154576877752 0.4926912434895833 0.39605470799974035
1 0.14483443974827725 0.3650110761324565 0.2894200182085236 0.6040369726362682
3 0.14463075876235962 0.3647963802019755 0.2892078733444214 0.6067782526924497
0 0.29542396545410154 0.22486544790722074 0.06636800130208333 0.276827199118478
0 0.8289534759521484 0.5954219273158482 0.06018264770507813 0.169101805914016
0 0.6136999257405599 0.4700716677166167 0.06798233032226562 0.2319294838678269
3 0.750655517578125 0.20017154576877752 0.4926912434895833 0.39605470799974035
1 0.14483443974827725 0.3650110761324565 0.2894200182085236 0.6040369726362682
3 0.14463075876235962 0.3647963802019755 0.2892078733444214 0.6067782526924497
0 0.29542396545410154 0.22486544790722074 0.06636800130208333 0.276827199118478
0 0.8289534759521484 0.5954219273158482 0.06018264770507813 0.169101805914016
0 0.6136999257405599 0.4700716677166167 0.06798233032226562 0.2319294838678269
3 0.750655517578125 0.20017154576877752 0.4926912434895833 0.39605470799974035
1 0.14483443974827725 0.3650110761324565 0.2894200182085236 0.6040369726362682
3 0.14463075876235962 0.3647963802019755 0.2892078733444214 0.6067782526924497
0 0.29542396545410154 0.22486544790722074 0.06636800130208333 0.276827199118478
0 0.8289534759521484 0.5954219273158482 0.06018264770507813 0.169101805914016
0 0.6136999257405599 0.4700716677166167 0.06798233032226562 0.2319294838678269
3 0.750655517578125 0.20017154576877752 0.4926912434895833 0.39605470799974035
1 0.14483443974827725 0.3650110761324565 0.2894200182085236 0.6040369726362682
3 0.14463075876235962 0.3647963802019755 0.2892078733444214 0.6067782526924497
0 0.29542396545410154 0.22486544790722074 0.06636800130208333 0.276827199118478
0 0.8289534759521484 0.5954219273158482 0.06018264770507813 0.169101805914016
