2 0.940017825267354 0.8763231589577415 0.11780810746990267 0.20344010786576705
2 0.9099909047611424 0.7617069591175426 0.18001819047771517 0.19170548872514204
2 0.4709386460768069 0.7957270951704546 0.3395269633642311 0.1796808416193182
2 0.08293629962889874 0.9126812466708096 0.16406336052170217 0.17401073109019885
2 0.038342522793128844 0.7031712757457387 0.07668504558625769 0.06553577769886364
2 0.3541059858812009 0.7311907958984375 0.2598816501638277 0.15744551225142045
2 0.7183349484302959 0.6826998623934659 0.23525880073589053 0.1271761807528409
2 0.6346826188551272 0.41803742842240765 0.09495002454747267 0.06757671009410511
2 0.4916018710110357 0.6555255681818182 0.24488638789275957 0.09199629350142045
2 0.4703631583458739 0.37538613059303977 0.12335484405684341 0.0452435302734375
2 0.5868538820027002 0.5855809437144887 0.13906697757908557 0.045418590198863636
2 0.29475857781582193 0.6804050514914772 0.26091102433334934 0.13282259854403408
2 0.38764128137807374 0.4135731783780185 0.07631153877967042 0.047932545055042616
2 0.6274292951073152 0.4916226473721591 0.0977539312644083 0.038798828125
2 0.44835239681389816 0.37761965664950287 0.08344160403058828 0.04183710271661932
2 0.5699608182646537 0.6268517511541193 0.12968824209411287 0.04933260830965909
1 0.940017825267354 0.8763231589577415 0.11780810746990267 0.20344010786576705
1 0.9099909047611424 0.7617069591175426 0.18001819047771517 0.19170548872514204
1 0.4709386460768069 0.7957270951704546 0.3395269633642311 0.1796808416193182
1 0.08293629962889874 0.9126812466708096 0.16406336052170217 0.17401073109019885
1 0.038342522793128844 0.7031712757457387 0.07668504558625769 0.06553577769886364
1 0.3541059858812009 0.7311907958984375 0.2598816501638277 0.15744551225142045
1 0.7183349484302959 0.6826998623934659 0.23525880073589053 0.1271761807528409
1 0.6346826188551272 0.41803742842240765 0.09495002454747267 0.06757671009410511
1 0.4916018710110357 0.6555255681818182 0.24488638789275957 0.09199629350142045
1 0.4703631583458739 0.37538613059303977 0.12335484405684341 0.0452435302734375
1 0.5868538820027002 0.5855809437144887 0.13906697757908557 0.045418590198863636
1 0.29475857781582193 0.6804050514914772 0.26091102433334934 0.13282259854403408
1 0.38764128137807374 0.4135731783780185 0.07631153877967042 0.047932545055042616
1 0.6274292951073152 0.4916226473721591 0.0977539312644083 0.038798828125
1 0.44835239681389816 0.37761965664950287 0.08344160403058828 0.04183710271661932
1 0.5699608182646537 0.6268517511541193 0.12968824209411287 0.04933260830965909
1 0.940017825267354 0.8763231589577415 0.11780810746990267 0.20344010786576705
1 0.9099909047611424 0.7617069591175426 0.18001819047771517 0.19170548872514204
1 0.4709386460768069 0.7957270951704546 0.3395269633642311 0.1796808416193182
1 0.08293629962889874 0.9126812466708096 0.16406336052170217 0.17401073109019885
1 0.038342522793128844 0.7031712757457387 0.07668504558625769 0.06553577769886364
1 0.3541059858812009 0.7311907958984375 0.2598816501638277 0.15744551225142045
1 0.7183349484302959 0.6826998623934659 0.23525880073589053 0.1271761807528409
1 0.6346826188551272 0.41803742842240765 0.09495002454747267 0.06757671009410511
1 0.4916018710110357 0.6555255681818182 0.24488638789275957 0.09199629350142045
1 0.4703631583458739 0.37538613059303977 0.12335484405684341 0.0452435302734375
1 0.5868538820027002 0.5855809437144887 0.13906697757908557 0.045418590198863636
1 0.29475857781582193 0.6804050514914772 0.26091102433334934 0.13282259854403408
1 0.38764128137807374 0.4135731783780185 0.07631153877967042 0.047932545055042616
1 0.6274292951073152 0.4916226473721591 0.0977539312644083 0.038798828125
1 0.44835239681389816 0.37761965664950287 0.08344160403058828 0.04183710271661932
1 0.5699608182646537 0.6268517511541193 0.12968824209411287 0.04933260830965909
1 0.940017825267354 0.8763231589577415 0.11780810746990267 0.20344010786576705
1 0.9099909047611424 0.7617069591175426 0.18001819047771517 0.19170548872514204
1 0.4709386460768069 0.7957270951704546 0.3395269633642311 0.1796808416193182
1 0.08293629962889874 0.9126812466708096 0.16406336052170217 0.17401073109019885
1 0.038342522793128844 0.7031712757457387 0.07668504558625769 0.06553577769886364
1 0.3541059858812009 0.7311907958984375 0.2598816501638277 0.15744551225142045
1 0.7183349484302959 0.6826998623934659 0.23525880073589053 0.1271761807528409
1 0.6346826188551272 0.41803742842240765 0.09495002454747267 0.06757671009410511
1 0.4916018710110357 0.6555255681818182 0.24488638789275957 0.09199629350142045
1 0.4703631583458739 0.37538613059303977 0.12335484405684341 0.0452435302734375
1 0.5868538820027002 0.5855809437144887 0.13906697757908557 0.045418590198863636
1 0.29475857781582193 0.6804050514914772 0.26091102433334934 0.13282259854403408
1 0.38764128137807374 0.4135731783780185 0.07631153877967042 0.047932545055042616
1 0.6274292951073152 0.4916226473721591 0.0977539312644083 0.038798828125
1 0.44835239681389816 0.37761965664950287 0.08344160403058828 0.04183710271661932
1 0.5699608182646537 0.6268517511541193 0.12968824209411287 0.04933260830965909
1 0.940017825267354 0.8763231589577415 0.11780810746990267 0.20344010786576705
1 0.9099909047611424 0.7617069591175426 0.18001819047771517 0.19170548872514204
1 0.4709386460768069 0.7957270951704546 0.3395269633642311 0.1796808416193182
1 0.08293629962889874 0.9126812466708096 0.16406336052170217 0.17401073109019885
1 0.038342522793128844 0.7031712757457387 0.07668504558625769 0.06553577769886364
1 0.3541059858812009 0.7311907958984375 0.2598816501638277 0.15744551225142045
1 0.7183349484302959 0.6826998623934659 0.23525880073589053 0.1271761807528409
1 0.6346826188551272 0.41803742842240765 0.09495002454747267 0.06757671009410511
1 0.4916018710110357 0.6555255681818182 0.24488638789275957 0.09199629350142045
1 0.4703631583458739 0.37538613059303977 0.12335484405684341 0.0452435302734375
1 0.5868538820027002 0.5855809437144887 0.13906697757908557 0.045418590198863636
1 0.29475857781582193 0.6804050514914772 0.26091102433334934 0.13282259854403408
1 0.38764128137807374 0.4135731783780185 0.07631153877967042 0.047932545055042616
1 0.6274292951073152 0.4916226473721591 0.0977539312644083 0.038798828125
1 0.44835239681389816 0.37761965664950287 0.08344160403058828 0.04183710271661932
1 0.5699608182646537 0.6268517511541193 0.12968824209411287 0.04933260830965909
1 0.940017825267354 0.8763231589577415 0.11780810746990267 0.20344010786576705
1 0.9099909047611424 0.7617069591175426 0.18001819047771517 0.19170548872514204
1 0.4709386460768069 0.7957270951704546 0.3395269633642311 0.1796808416193182
1 0.08293629962889874 0.9126812466708096 0.16406336052170217 0.17401073109019885
1 0.038342522793128844 0.7031712757457387 0.07668504558625769 0.06553577769886364
1 0.3541059858812009 0.7311907958984375 0.2598816501638277 0.15744551225142045
1 0.7183349484302959 0.6826998623934659 0.23525880073589053 0.1271761807528409
1 0.6346826188551272 0.41803742842240765 0.09495002454747267 0.06757671009410511
1 0.4916018710110357 0.6555255681818182 0.24488638789275957 0.09199629350142045
1 0.4703631583458739 0.37538613059303977 0.12335484405684341 0.0452435302734375
1 0.5868538820027002 0.5855809437144887 0.13906697757908557 0.045418590198863636
1 0.29475857781582193 0.6804050514914772 0.26091102433334934 0.13282259854403408
1 0.38764128137807374 0.4135731783780185 0.07631153877967042 0.047932545055042616
1 0.6274292951073152 0.4916226473721591 0.0977539312644083 0.038798828125
1 0.44835239681389816 0.37761965664950287 0.08344160403058828 0.04183710271661932
1 0.5699608182646537 0.6268517511541193 0.12968824209411287 0.04933260830965909
1 0.940017825267354 0.8763231589577415 0.11780810746990267 0.20344010786576705
1 0.9099909047611424 0.7617069591175426 0.18001819047771517 0.19170548872514204
1 0.4709386460768069 0.7957270951704546 0.3395269633642311 0.1796808416193182
1 0.08293629962889874 0.9126812466708096 0.16406336052170217 0.17401073109019885
1 0.038342522793128844 0.7031712757457387 0.07668504558625769 0.06553577769886364
1 0.3541059858812009 0.7311907958984375 0.2598816501638277 0.15744551225142045
1 0.7183349484302959 0.6826998623934659 0.23525880073589053 0.1271761807528409
1 0.6346826188551272 0.41803742842240765 0.09495002454747267 0.06757671009410511
1 0.4916018710110357 0.6555255681818182 0.24488638789275957 0.09199629350142045
1 0.4703631583458739 0.37538613059303977 0.12335484405684341 0.0452435302734375
1 0.5868538820027002 0.5855809437144887 0.13906697757908557 0.045418590198863636
1 0.29475857781582193 0.6804050514914772 0.26091102433334934 0.13282259854403408
1 0.38764128137807374 0.4135731783780185 0.07631153877967042 0.047932545055042616
1 0.6274292951073152 0.4916226473721591 0.0977539312644083 0.038798828125
1 0.44835239681389816 0.37761965664950287 0.08344160403058828 0.04183710271661932
1 0.5699608182646537 0.6268517511541193 0.12968824209411287 0.04933260830965909
1 0.940017825267354 0.8763231589577415 0.11780810746990267 0.20344010786576705
1 0.9099909047611424 0.7617069591175426 0.18001819047771517 0.19170548872514204
1 0.4709386460768069 0.7957270951704546 0.3395269633642311 0.1796808416193182
1 0.08293629962889874 0.9126812466708096 0.16406336052170217 0.17401073109019885
1 0.038342522793128844 0.7031712757457387 0.07668504558625769 0.06553577769886364
1 0.3541059858812009 0.7311907958984375 0.2598816501638277 0.15744551225142045
1 0.7183349484302959 0.6826998623934659 0.23525880073589053 0.1271761807528409
1 0.6346826188551272 0.41803742842240765 0.09495002454747267 0.06757671009410511
1 0.4916018710110357 0.6555255681818182 0.24488638789275957 0.09199629350142045
1 0.4703631583458739 0.37538613059303977 0.12335484405684341 0.0452435302734375
1 0.5868538820027002 0.5855809437144887 0.13906697757908557 0.045418590198863636
1 0.29475857781582193 0.6804050514914772 0.26091102433334934 0.13282259854403408
1 0.38764128137807374 0.4135731783780185 0.07631153877967042 0.047932545055042616
1 0.6274292951073152 0.4916226473721591 0.0977539312644083 0.038798828125
1 0.44835239681389816 0.37761965664950287 0.08344160403058828 0.04183710271661932
1 0.5699608182646537 0.6268517511541193 0.12968824209411287 0.04933260830965909
1 0.940017825267354 0.8763231589577415 0.11780810746990267 0.20344010786576705
1 0.9099909047611424 0.7617069591175426 0.18001819047771517 0.19170548872514204
1 0.4709386460768069 0.7957270951704546 0.3395269633642311 0.1796808416193182
1 0.08293629962889874 0.9126812466708096 0.16406336052170217 0.17401073109019885
1 0.038342522793128844 0.7031712757457387 0.07668504558625769 0.06553577769886364
1 0.3541059858812009 0.7311907958984375 0.2598816501638277 0.15744551225142045
1 0.7183349484302959 0.6826998623934659 0.23525880073589053 0.1271761807528409
1 0.6346826188551272 0.41803742842240765 0.09495002454747267 0.06757671009410511
1 0.4916018710110357 0.6555255681818182 0.24488638789275957 0.09199629350142045
1 0.4703631583458739 0.37538613059303977 0.12335484405684341 0.0452435302734375
1 0.5868538820027002 0.5855809437144887 0.13906697757908557 0.045418590198863636
1 0.29475857781582193 0.6804050514914772 0.26091102433334934 0.13282259854403408
1 0.38764128137807374 0.4135731783780185 0.07631153877967042 0.047932545055042616
1 0.6274292951073152 0.4916226473721591 0.0977539312644083 0.038798828125
1 0.44835239681389816 0.37761965664950287 0.08344160403058828 0.04183710271661932
1 0.5699608182646537 0.6268517511541193 0.12968824209411287 0.04933260830965909
1 0.940017825267354 0.8763231589577415 0.11780810746990267 0.20344010786576705
1 0.9099909047611424 0.7617069591175426 0.18001819047771517 0.19170548872514204
1 0.4709386460768069 0.7957270951704546 0.3395269633642311 0.1796808416193182
1 0.08293629962889874 0.9126812466708096 0.16406336052170217 0.17401073109019885
1 0.038342522793128844 0.7031712757457387 0.07668504558625769 0.06553577769886364
1 0.3541059858812009 0.7311907958984375 0.2598816501638277 0.15744551225142045
1 0.7183349484302959 0.6826998623934659 0.23525880073589053 0.1271761807528409
1 0.6346826188551272 0.41803742842240765 0.09495002454747267 0.06757671009410511
1 0.4916018710110357 0.6555255681818182 0.24488638789275957 0.09199629350142045
1 0.4703631583458739 0.37538613059303977 0.12335484405684341 0.0452435302734375
1 0.5868538820027002 0.5855809437144887 0.13906697757908557 0.045418590198863636
1 0.29475857781582193 0.6804050514914772 0.26091102433334934 0.13282259854403408
1 0.38764128137807374 0.4135731783780185 0.07631153877967042 0.047932545055042616
1 0.6274292951073152 0.4916226473721591 0.0977539312644083 0.038798828125
1 0.44835239681389816 0.37761965664950287 0.08344160403058828 0.04183710271661932
1 0.5699608182646537 0.6268517511541193 0.12968824209411287 0.04933260830965909
