2 0.5606529929421165 0.35869868335828103 0.2913123113458807 0.41231326327297857
2 0.40066166270862924 0.31129334663432806 0.16532651034268467 0.2973276774088542
2 0.289299448186701 0.24649925440386997 0.1525580527565696 0.22807783116408384
2 0.3106821649724787 0.2679516578632626 0.10995225386186079 0.25664802718032254
2 0.18968255476518112 0.23013603231294558 0.12525114579634233 0.18833528320646026
2 0.7665277377041904 0.4927691214723014 0.46460543545809657 0.6883342409394478
7 0.18726812882856889 0.16445428295865086 0.11844003850763495 0.18041668042459122
7 0.03154774898832494 0.1776570179423348 0.06090589750896801 0.10199387347111936
2 0.1754049335826527 0.2704971605311326 0.09306364579634233 0.10904914564122267
1 0.5606529929421165 0.35869868335828103 0.2913123113458807 0.41231326327297857
1 0.40066166270862924 0.31129334663432806 0.16532651034268467 0.2973276774088542
1 0.289299448186701 0.24649925440386997 0.1525580527565696 0.22807783116408384
1 0.3106821649724787 0.2679516578632626 0.10995225386186079 0.25664802718032254
1 0.18968255476518112 0.23013603231294558 0.12525114579634233 0.18833528320646026
1 0.7665277377041904 0.4927691214723014 0.46460543545809657 0.6883342409394478
3 0.18726812882856889 0.16445428295865086 0.11844003850763495 0.18041668042459122
3 0.03154774898832494 0.1776570179423348 0.06090589750896801 0.10199387347111936
1 0.1754049335826527 0.2704971605311326 0.09306364579634233 0.10904914564122267
1 0.5606529929421165 0.35869868335828103 0.2913123113458807 0.41231326327297857
1 0.40066166270862924 0.31129334663432806 0.16532651034268467 0.2973276774088542
1 0.289299448186701 0.24649925440386997 0.1525580527565696 0.22807783116408384
1 0.3106821649724787 0.2679516578632626 0.10995225386186079 0.25664802718032254
1 0.18968255476518112 0.23013603231294558 0.12525114579634233 0.18833528320646026
1 0.7665277377041904 0.4927691214723014 0.46460543545809657 0.6883342409394478
3 0.18726812882856889 0.16445428295865086 0.11844003850763495 0.18041668042459122
3 0.03154774898832494 0.1776570179423348 0.06090589750896801 0.10199387347111936
1 0.1754049335826527 0.2704971605311326 0.09306364579634233 0.10904914564122267
1 0.5606529929421165 0.35869868335828103 0.2913123113458807 0.41231326327297857
1 0.40066166270862924 0.31129334663432806 0.16532651034268467 0.2973276774088542
1 0.289299448186701 0.24649925440386997 0.1525580527565696 0.22807783116408384
1 0.3106821649724787 0.2679516578632626 0.10995225386186079 0.25664802718032254
1 0.18968255476518112 0.23013603231294558 0.12525114579634233 0.18833528320646026
1 0.7665277377041904 0.4927691214723014 0.46460543545809657 0.6883342409394478
3 0.18726812882856889 0.16445428295865086 0.11844003850763495 0.18041668042459122
3 0.03154774898832494 0.1776570179423348 0.06090589750896801 0.10199387347111936
1 0.1754049335826527 0.2704971605311326 0.09306364579634233 0.10904914564122267
1 0.5606529929421165 0.35869868335828103 0.2913123113458807 0.41231326327297857
1 0.40066166270862924 0.31129334663432806 0.16532651034268467 0.2973276774088542
1 0.289299448186701 0.24649925440386997 0.1525580527565696 0.22807783116408384
1 0.3106821649724787 0.2679516578632626 0.10995225386186079 0.25664802718032254
1 0.18968255476518112 0.23013603231294558 0.12525114579634233 0.18833528320646026
1 0.7665277377041904 0.4927691214723014 0.46460543545809657 0.6883342409394478
3 0.18726812882856889 0.16445428295865086 0.11844003850763495 0.18041668042459122
3 0.03154774898832494 0.1776570179423348 0.06090589750896801 0.10199387347111936
1 0.1754049335826527 0.2704971605311326 0.09306364579634233 0.10904914564122267
1 0.5606529929421165 0.35869868335828103 0.2913123113458807 0.41231326327297857
1 0.40066166270862924 0.31129334663432806 0.16532651034268467 0.2973276774088542
1 0.289299448186701 0.24649925440386997 0.1525580527565696 0.22807783116408384
1 0.3106821649724787 0.2679516578632626 0.10995225386186079 0.25664802718032254
1 0.18968255476518112 0.23013603231294558 0.12525114579634233 0.18833528320646026
1 0.7665277377041904 0.4927691214723014 0.46460543545809657 0.6883342409394478
3 0.18726812882856889 0.16445428295865086 0.11844003850763495 0.18041668042459122
3 0.03154774898832494 0.1776570179423348 0.06090589750896801 0.10199387347111936
1 0.1754049335826527 0.2704971605311326 0.09306364579634233 0.10904914564122267
1 0.5606529929421165 0.35869868335828103 0.2913123113458807 0.41231326327297857
1 0.40066166270862924 0.31129334663432806 0.16532651034268467 0.2973276774088542
1 0.289299448186701 0.24649925440386997 0.1525580527565696 0.22807783116408384
1 0.3106821649724787 0.2679516578632626 0.10995225386186079 0.25664802718032254
1 0.18968255476518112 0.23013603231294558 0.12525114579634233 0.18833528320646026
1 0.7665277377041904 0.4927691214723014 0.46460543545809657 0.6883342409394478
3 0.18726812882856889 0.16445428295865086 0.11844003850763495 0.18041668042459122
3 0.03154774898832494 0.1776570179423348 0.06090589750896801 0.10199387347111936
1 0.1754049335826527 0.2704971605311326 0.09306364579634233 0.10904914564122267
1 0.5606529929421165 0.35869868335828103 0.2913123113458807 0.41231326327297857
1 0.40066166270862924 0.31129334663432806 0.16532651034268467 0.2973276774088542
1 0.289299448186701 0.24649925440386997 0.1525580527565696 0.22807783116408384
1 0.3106821649724787 0.2679516578632626 0.10995225386186079 0.25664802718032254
1 0.18968255476518112 0.23013603231294558 0.12525114579634233 0.18833528320646026
1 0.7665277377041904 0.4927691214723014 0.46460543545809657 0.6883342409394478
3 0.18726812882856889 0.16445428295865086 0.11844003850763495 0.18041668042459122
3 0.03154774898832494 0.1776570179423348 0.06090589750896801 0.10199387347111936
1 0.1754049335826527 0.2704971605311326 0.09306364579634233 0.10904914564122267
1 0.5606529929421165 0.35869868335828103 0.2913123113458807 0.41231326327297857
1 0.40066166270862924 0.31129334663432806 0.16532651034268467 0.2973276774088542
1 0.289299448186701 0.24649925440386997 0.1525580527565696 0.22807783116408384
1 0.3106821649724787 0.2679516578632626 0.10995225386186079 0.25664802718032254
1 0.18968255476518112 0.23013603231294558 0.12525114579634233 0.18833528320646026
1 0.7665277377041904 0.4927691214723014 0.46460543545809657 0.6883342409394478
3 0.18726812882856889 0.16445428295865086 0.11844003850763495 0.18041668042459122
3 0.03154774898832494 0.1776570179423348 0.06090589750896801 0.10199387347111936
1 0.1754049335826527 0.2704971605311326 0.09306364579634233 0.10904914564122267
1 0.5606529929421165 0.35869868335828103 0.2913123113458807 0.41231326327297857
1 0.40066166270862924 0.31129334663432806 0.16532651034268467 0.2973276774088542
1 0.289299448186701 0.24649925440386997 0.1525580527565696 0.22807783116408384
1 0.3106821649724787 0.2679516578632626 0.10995225386186079 0.25664802718032254
1 0.18968255476518112 0.23013603231294558 0.12525114579634233 0.18833528320646026
1 0.7665277377041904 0.4927691214723014 0.46460543545809657 0.6883342409394478
3 0.18726812882856889 0.16445428295865086 0.11844003850763495 0.18041668042459122
3 0.03154774898832494 0.1776570179423348 0.06090589750896801 0.10199387347111936
1 0.1754049335826527 0.2704971605311326 0.09306364579634233 0.10904914564122267
