2 0.4806199634776396 0.5089909630852777 0.2819475847132066 0.39342554453256967
2 0.7404690630295697 0.5267453889589052 0.5162847743314856 0.6406830040184227
2 0.3329915860119988 0.5232888711465372 0.11840407988604378 0.25831381308065876
2 0.2013690611895393 0.5546234749458931 0.03936632941750919 0.08865055393528294
2 0.209647816770217 0.5618552130621832 0.0314794568454518 0.08761299751900338
2 0.14892918222090779 0.5449796728185705 0.03028124921462115 0.0718618444494299
2 0.1541366927763995 0.5450765248891469 0.0359802947324865 0.07536266430004222
1 0.4806199634776396 0.5089909630852777 0.2819475847132066 0.39342554453256967
1 0.7404690630295697 0.5267453889589052 0.5162847743314856 0.6406830040184227
1 0.3329915860119988 0.5232888711465372 0.11840407988604378 0.25831381308065876
1 0.2013690611895393 0.5546234749458931 0.03936632941750919 0.08865055393528294
1 0.209647816770217 0.5618552130621832 0.0314794568454518 0.08761299751900338
1 0.14892918222090779 0.5449796728185705 0.03028124921462115 0.0718618444494299
1 0.1541366927763995 0.5450765248891469 0.0359802947324865 0.07536266430004222
1 0.4806199634776396 0.5089909630852777 0.2819475847132066 0.39342554453256967
1 0.7404690630295697 0.5267453889589052 0.5162847743314856 0.6406830040184227
1 0.3329915860119988 0.5232888711465372 0.11840407988604378 0.25831381308065876
1 0.2013690611895393 0.5546234749458931 0.03936632941750919 0.08865055393528294
1 0.209647816770217 0.5618552130621832 0.0314794568454518 0.08761299751900338
1 0.14892918222090779 0.5449796728185705 0.03028124921462115 0.0718618444494299
1 0.1541366927763995 0.5450765248891469 0.0359802947324865 0.07536266430004222
1 0.4806199634776396 0.5089909630852777 0.2819475847132066 0.39342554453256967
1 0.7404690630295697 0.5267453889589052 0.5162847743314856 0.6406830040184227
1 0.3329915860119988 0.5232888711465372 0.11840407988604378 0.25831381308065876
1 0.2013690611895393 0.5546234749458931 0.03936632941750919 0.08865055393528294
1 0.209647816770217 0.5618552130621832 0.0314794568454518 0.08761299751900338
1 0.14892918222090779 0.5449796728185705 0.03028124921462115 0.0718618444494299
1 0.1541366927763995 0.5450765248891469 0.0359802947324865 0.07536266430004222
1 0.4806199634776396 0.5089909630852777 0.2819475847132066 0.39342554453256967
1 0.7404690630295697 0.5267453889589052 0.5162847743314856 0.6406830040184227
1 0.3329915860119988 0.5232888711465372 0.11840407988604378 0.25831381308065876
1 0.2013690611895393 0.5546234749458931 0.03936632941750919 0.08865055393528294
1 0.209647816770217 0.5618552130621832 0.0314794568454518 0.08761299751900338
1 0.14892918222090779 0.5449796728185705 0.03028124921462115 0.0718618444494299
1 0.1541366927763995 0.5450765248891469 0.0359802947324865 0.07536266430004222
1 0.4806199634776396 0.5089909630852777 0.2819475847132066 0.39342554453256967
1 0.7404690630295697 0.5267453889589052 0.5162847743314856 0.6406830040184227
1 0.3329915860119988 0.5232888711465372 0.11840407988604378 0.25831381308065876
1 0.2013690611895393 0.5546234749458931 0.03936632941750919 0.08865055393528294
1 0.209647816770217 0.5618552130621832 0.0314794568454518 0.08761299751900338
1 0.14892918222090779 0.5449796728185705 0.03028124921462115 0.0718618444494299
1 0.1541366927763995 0.5450765248891469 0.0359802947324865 0.07536266430004222
1 0.4806199634776396 0.5089909630852777 0.2819475847132066 0.39342554453256967
1 0.7404690630295697 0.5267453889589052 0.5162847743314856 0.6406830040184227
1 0.3329915860119988 0.5232888711465372 0.11840407988604378 0.25831381308065876
1 0.2013690611895393 0.5546234749458931 0.03936632941750919 0.08865055393528294
1 0.209647816770217 0.5618552130621832 0.0314794568454518 0.08761299751900338
1 0.14892918222090779 0.5449796728185705 0.03028124921462115 0.0718618444494299
1 0.1541366927763995 0.5450765248891469 0.0359802947324865 0.07536266430004222
1 0.4806199634776396 0.5089909630852777 0.2819475847132066 0.39342554453256967
1 0.7404690630295697 0.5267453889589052 0.5162847743314856 0.6406830040184227
1 0.3329915860119988 0.5232888711465372 0.11840407988604378 0.25831381308065876
1 0.2013690611895393 0.5546234749458931 0.03936632941750919 0.08865055393528294
1 0.209647816770217 0.5618552130621832 0.0314794568454518 0.08761299751900338
1 0.14892918222090779 0.5449796728185705 0.03028124921462115 0.0718618444494299
1 0.1541366927763995 0.5450765248891469 0.0359802947324865 0.07536266430004222
1 0.4806199634776396 0.5089909630852777 0.2819475847132066 0.39342554453256967
1 0.7404690630295697 0.5267453889589052 0.5162847743314856 0.6406830040184227
1 0.3329915860119988 0.5232888711465372 0.11840407988604378 0.25831381308065876
1 0.2013690611895393 0.5546234749458931 0.03936632941750919 0.08865055393528294
1 0.209647816770217 0.5618552130621832 0.0314794568454518 0.08761299751900338
1 0.14892918222090779 0.5449796728185705 0.03028124921462115 0.0718618444494299
1 0.1541366927763995 0.5450765248891469 0.0359802947324865 0.07536266430004222
1 0.4806199634776396 0.5089909630852777 0.2819475847132066 0.39342554453256967
1 0.7404690630295697 0.5267453889589052 0.5162847743314856 0.6406830040184227
1 0.3329915860119988 0.5232888711465372 0.11840407988604378 0.25831381308065876
1 0.2013690611895393 0.5546234749458931 0.03936632941750919 0.08865055393528294
1 0.209647816770217 0.5618552130621832 0.0314794568454518 0.08761299751900338
1 0.14892918222090779 0.5449796728185705 0.03028124921462115 0.0718618444494299
1 0.1541366927763995 0.5450765248891469 0.0359802947324865 0.07536266430004222
