2 0.6326100794474284 0.7177632649739584 0.7347798411051433 0.5359177362351191
2 0.13182393391927083 0.6594216255914598 0.26364786783854166 0.36311181386311847
2 0.3555478890736898 0.6660340854099819 0.5594539451599121 0.5283896582467216
2 0.6950666554768881 0.43727722622099374 0.11820348103841145 0.08372493017287481
2 0.8549884287516276 0.43244920458112446 0.16743484497070313 0.08495058332170759
2 0.7114081573486328 0.4314057259332566 0.1496802266438802 0.07399354662214007
2 0.7415115865071614 0.4226449330647786 0.08840667724609375 0.05510784330822173
0 0.9881755574544271 0.5386423156374976 0.022814534505208334 0.17076551346551805
2 0.24962780952453614 0.6500831558590844 0.3463747723897298 0.4475890114193871
2 0.988185068766276 0.5522903941926502 0.02277374267578125 0.19906039465041386
1 0.6326100794474284 0.7177632649739584 0.7347798411051433 0.5359177362351191
1 0.13182393391927083 0.6594216255914598 0.26364786783854166 0.36311181386311847
1 0.3555478890736898 0.6660340854099819 0.5594539451599121 0.5283896582467216
1 0.6950666554768881 0.43727722622099374 0.11820348103841145 0.08372493017287481
1 0.8549884287516276 0.43244920458112446 0.16743484497070313 0.08495058332170759
1 0.7114081573486328 0.4314057259332566 0.1496802266438802 0.07399354662214007
1 0.7415115865071614 0.4226449330647786 0.08840667724609375 0.05510784330822173
0 0.9881755574544271 0.5386423156374976 0.022814534505208334 0.17076551346551805
1 0.24962780952453614 0.6500831558590844 0.3463747723897298 0.4475890114193871
1 0.988185068766276 0.5522903941926502 0.02277374267578125 0.19906039465041386
1 0.6326100794474284 0.7177632649739584 0.7347798411051433 0.5359177362351191
1 0.13182393391927083 0.6594216255914598 0.26364786783854166 0.36311181386311847
1 0.3555478890736898 0.6660340854099819 0.5594539451599121 0.5283896582467216
1 0.6950666554768881 0.43727722622099374 0.11820348103841145 0.08372493017287481
1 0.8549884287516276 0.43244920458112446 0.16743484497070313 0.08495058332170759
1 0.7114081573486328 0.4314057259332566 0.1496802266438802 0.07399354662214007
1 0.7415115865071614 0.4226449330647786 0.08840667724609375 0.05510784330822173
0 0.9881755574544271 0.5386423156374976 0.022814534505208334 0.17076551346551805
1 0.24962780952453614 0.6500831558590844 0.3463747723897298 0.4475890114193871
1 0.988185068766276 0.5522903941926502 0.02277374267578125 0.19906039465041386
1 0.6326100794474284 0.7177632649739584 0.7347798411051433 0.5359177362351191
1 0.13182393391927083 0.6594216255914598 0.26364786783854166 0.36311181386311847
1 0.3555478890736898 0.6660340854099819 0.5594539451599121 0.5283896582467216
1 0.6950666554768881 0.43727722622099374 0.11820348103841145 0.08372493017287481
1 0.8549884287516276 0.43244920458112446 0.16743484497070313 0.08495058332170759
1 0.7114081573486328 0.4314057259332566 0.1496802266438802 0.07399354662214007
1 0.7415115865071614 0.4226449330647786 0.08840667724609375 0.05510784330822173
0 0.9881755574544271 0.5386423156374976 0.022814534505208334 0.17076551346551805
1 0.24962780952453614 0.6500831558590844 0.3463747723897298 0.4475890114193871
1 0.988185068766276 0.5522903941926502 0.02277374267578125 0.19906039465041386
1 0.6326100794474284 0.7177632649739584 0.7347798411051433 0.5359177362351191
1 0.13182393391927083 0.6594216255914598 0.26364786783854166 0.36311181386311847
1 0.3555478890736898 0.6660340854099819 0.5594539451599121 0.5283896582467216
1 0.6950666554768881 0.43727722622099374 0.11820348103841145 0.08372493017287481
1 0.8549884287516276 0.43244920458112446 0.16743484497070313 0.08495058332170759
1 0.7114081573486328 0.4314057259332566 0.1496802266438802 0.07399354662214007
1 0.7415115865071614 0.4226449330647786 0.08840667724609375 0.05510784330822173
0 0.9881755574544271 0.5386423156374976 0.022814534505208334 0.17076551346551805
1 0.24962780952453614 0.6500831558590844 0.3463747723897298 0.4475890114193871
1 0.988185068766276 0.5522903941926502 0.02277374267578125 0.19906039465041386
1 0.6326100794474284 0.7177632649739584 0.7347798411051433 0.5359177362351191
1 0.13182393391927083 0.6594216255914598 0.26364786783854166 0.36311181386311847
1 0.3555478890736898 0.6660340854099819 0.5594539451599121 0.5283896582467216
1 0.6950666554768881 0.43727722622099374 0.11820348103841145 0.08372493017287481
1 0.8549884287516276 0.43244920458112446 0.16743484497070313 0.08495058332170759
1 0.7114081573486328 0.4314057259332566 0.1496802266438802 0.07399354662214007
1 0.7415115865071614 0.4226449330647786 0.08840667724609375 0.05510784330822173
0 0.9881755574544271 0.5386423156374976 0.022814534505208334 0.17076551346551805
1 0.24962780952453614 0.6500831558590844 0.3463747723897298 0.4475890114193871
1 0.988185068766276 0.5522903941926502 0.02277374267578125 0.19906039465041386
1 0.6326100794474284 0.7177632649739584 0.7347798411051433 0.5359177362351191
1 0.13182393391927083 0.6594216255914598 0.26364786783854166 0.36311181386311847
1 0.3555478890736898 0.6660340854099819 0.5594539451599121 0.5283896582467216
1 0.6950666554768881 0.43727722622099374 0.11820348103841145 0.08372493017287481
1 0.8549884287516276 0.43244920458112446 0.16743484497070313 0.08495058332170759
1 0.7114081573486328 0.4314057259332566 0.1496802266438802 0.07399354662214007
1 0.7415115865071614 0.4226449330647786 0.08840667724609375 0.05510784330822173
0 0.9881755574544271 0.5386423156374976 0.022814534505208334 0.17076551346551805
1 0.24962780952453614 0.6500831558590844 0.3463747723897298 0.4475890114193871
1 0.988185068766276 0.5522903941926502 0.02277374267578125 0.19906039465041386
1 0.6326100794474284 0.7177632649739584 0.7347798411051433 0.5359177362351191
1 0.13182393391927083 0.6594216255914598 0.26364786783854166 0.36311181386311847
1 0.3555478890736898 0.6660340854099819 0.5594539451599121 0.5283896582467216
1 0.6950666554768881 0.43727722622099374 0.11820348103841145 0.08372493017287481
1 0.8549884287516276 0.43244920458112446 0.16743484497070313 0.08495058332170759
1 0.7114081573486328 0.4314057259332566 0.1496802266438802 0.07399354662214007
1 0.7415115865071614 0.4226449330647786 0.08840667724609375 0.05510784330822173
0 0.9881755574544271 0.5386423156374976 0.022814534505208334 0.17076551346551805
1 0.24962780952453614 0.6500831558590844 0.3463747723897298 0.4475890114193871
1 0.988185068766276 0.5522903941926502 0.02277374267578125 0.19906039465041386
1 0.6326100794474284 0.7177632649739584 0.7347798411051433 0.5359177362351191
1 0.13182393391927083 0.6594216255914598 0.26364786783854166 0.36311181386311847
1 0.3555478890736898 0.6660340854099819 0.5594539451599121 0.5283896582467216
1 0.6950666554768881 0.43727722622099374 0.11820348103841145 0.08372493017287481
1 0.8549884287516276 0.43244920458112446 0.16743484497070313 0.08495058332170759
1 0.7114081573486328 0.4314057259332566 0.1496802266438802 0.07399354662214007
1 0.7415115865071614 0.4226449330647786 0.08840667724609375 0.05510784330822173
0 0.9881755574544271 0.5386423156374976 0.022814534505208334 0.17076551346551805
1 0.24962780952453614 0.6500831558590844 0.3463747723897298 0.4475890114193871
1 0.988185068766276 0.5522903941926502 0.02277374267578125 0.19906039465041386
1 0.6326100794474284 0.7177632649739584 0.7347798411051433 0.5359177362351191
1 0.13182393391927083 0.6594216255914598 0.26364786783854166 0.36311181386311847
1 0.3555478890736898 0.6660340854099819 0.5594539451599121 0.5283896582467216
1 0.6950666554768881 0.43727722622099374 0.11820348103841145 0.08372493017287481
1 0.8549884287516276 0.43244920458112446 0.16743484497070313 0.08495058332170759
1 0.7114081573486328 0.4314057259332566 0.1496802266438802 0.07399354662214007
1 0.7415115865071614 0.4226449330647786 0.08840667724609375 0.05510784330822173
0 0.9881755574544271 0.5386423156374976 0.022814534505208334 0.17076551346551805
1 0.24962780952453614 0.6500831558590844 0.3463747723897298 0.4475890114193871
1 0.988185068766276 0.5522903941926502 0.02277374267578125 0.19906039465041386
