7 0.5599533335367839 0.48106095904395696 0.4839739481608073 0.5263824008759999
2 0.8747743225097656 0.674869560060047 0.24946400960286458 0.6193004335675921
2 0.47887379964192706 0.254485391435169 0.09790690104166666 0.10403998692830403
2 0.4163049825032552 0.2529858975183396 0.04828318277994792 0.0793114843822661
2 0.3115430704752604 0.20849818842751638 0.04661758422851563 0.06884941600617908
2 0.868058827718099 0.32413396381196524 0.06327280680338541 0.056193033854166664
2 0.27514264424641927 0.1899665877932594 0.03305353800455729 0.04363196236746652
2 0.9416840108235677 0.35527398472740535 0.11364084879557292 0.1139511607942127
2 0.22786161422729492 0.1667283603123256 0.043920377095540364 0.04165819713047573
2 0.7838371785481771 0.3043491045633952 0.0443212890625 0.04808761959984189
2 0.3602592976888021 0.23178937889280773 0.06330256144205729 0.08555249940781366
2 0.3098551177978516 0.19529230821700322 0.04469233194986979 0.05557461011977423
2 0.26460498809814453 0.18511587665194557 0.046355819702148436 0.03917186600821359
3 0.5599533335367839 0.48106095904395696 0.4839739481608073 0.5263824008759999
1 0.8747743225097656 0.674869560060047 0.24946400960286458 0.6193004335675921
1 0.47887379964192706 0.254485391435169 0.09790690104166666 0.10403998692830403
1 0.4163049825032552 0.2529858975183396 0.04828318277994792 0.0793114843822661
1 0.3115430704752604 0.20849818842751638 0.04661758422851563 0.06884941600617908
1 0.868058827718099 0.32413396381196524 0.06327280680338541 0.056193033854166664
1 0.27514264424641927 0.1899665877932594 0.03305353800455729 0.04363196236746652
1 0.9416840108235677 0.35527398472740535 0.11364084879557292 0.1139511607942127
1 0.22786161422729492 0.1667283603123256 0.043920377095540364 0.04165819713047573
1 0.7838371785481771 0.3043491045633952 0.0443212890625 0.04808761959984189
1 0.3602592976888021 0.23178937889280773 0.06330256144205729 0.08555249940781366
1 0.3098551177978516 0.19529230821700322 0.04469233194986979 0.05557461011977423
1 0.26460498809814453 0.18511587665194557 0.046355819702148436 0.03917186600821359
3 0.5599533335367839 0.48106095904395696 0.4839739481608073 0.5263824008759999
1 0.8747743225097656 0.674869560060047 0.24946400960286458 0.6193004335675921
1 0.47887379964192706 0.254485391435169 0.09790690104166666 0.10403998692830403
1 0.4163049825032552 0.2529858975183396 0.04828318277994792 0.0793114843822661
1 0.3115430704752604 0.20849818842751638 0.04661758422851563 0.06884941600617908
1 0.868058827718099 0.32413396381196524 0.06327280680338541 0.056193033854166664
1 0.27514264424641927 0.1899665877932594 0.03305353800455729 0.04363196236746652
1 0.9416840108235677 0.35527398472740535 0.11364084879557292 0.1139511607942127
1 0.22786161422729492 0.1667283603123256 0.043920377095540364 0.04165819713047573
1 0.7838371785481771 0.3043491045633952 0.0443212890625 0.04808761959984189
1 0.3602592976888021 0.23178937889280773 0.06330256144205729 0.08555249940781366
1 0.3098551177978516 0.19529230821700322 0.04469233194986979 0.05557461011977423
1 0.26460498809814453 0.18511587665194557 0.046355819702148436 0.03917186600821359
3 0.5599533335367839 0.48106095904395696 0.4839739481608073 0.5263824008759999
1 0.8747743225097656 0.674869560060047 0.24946400960286458 0.6193004335675921
1 0.47887379964192706 0.254485391435169 0.09790690104166666 0.10403998692830403
1 0.4163049825032552 0.2529858975183396 0.04828318277994792 0.0793114843822661
1 0.3115430704752604 0.20849818842751638 0.04661758422851563 0.06884941600617908
1 0.868058827718099 0.32413396381196524 0.06327280680338541 0.056193033854166664
1 0.27514264424641927 0.1899665877932594 0.03305353800455729 0.04363196236746652
1 0.9416840108235677 0.35527398472740535 0.11364084879557292 0.1139511607942127
1 0.22786161422729492 0.1667283603123256 0.043920377095540364 0.04165819713047573
1 0.7838371785481771 0.3043491045633952 0.0443212890625 0.04808761959984189
1 0.3602592976888021 0.23178937889280773 0.06330256144205729 0.08555249940781366
1 0.3098551177978516 0.19529230821700322 0.04469233194986979 0.05557461011977423
1 0.26460498809814453 0.18511587665194557 0.046355819702148436 0.03917186600821359
3 0.5599533335367839 0.48106095904395696 0.4839739481608073 0.5263824008759999
1 0.8747743225097656 0.674869560060047 0.24946400960286458 0.6193004335675921
1 0.47887379964192706 0.254485391435169 0.09790690104166666 0.10403998692830403
1 0.4163049825032552 0.2529858975183396 0.04828318277994792 0.0793114843822661
1 0.3115430704752604 0.20849818842751638 0.04661758422851563 0.06884941600617908
1 0.868058827718099 0.32413396381196524 0.06327280680338541 0.056193033854166664
1 0.27514264424641927 0.1899665877932594 0.03305353800455729 0.04363196236746652
1 0.9416840108235677 0.35527398472740535 0.11364084879557292 0.1139511607942127
1 0.22786161422729492 0.1667283603123256 0.043920377095540364 0.04165819713047573
1 0.7838371785481771 0.3043491045633952 0.0443212890625 0.04808761959984189
1 0.3602592976888021 0.23178937889280773 0.06330256144205729 0.08555249940781366
1 0.3098551177978516 0.19529230821700322 0.04469233194986979 0.05557461011977423
1 0.26460498809814453 0.18511587665194557 0.046355819702148436 0.03917186600821359
3 0.5599533335367839 0.48106095904395696 0.4839739481608073 0.5263824008759999
1 0.8747743225097656 0.674869560060047 0.24946400960286458 0.6193004335675921
1 0.47887379964192706 0.254485391435169 0.09790690104166666 0.10403998692830403
1 0.4163049825032552 0.2529858975183396 0.04828318277994792 0.0793114843822661
1 0.3115430704752604 0.20849818842751638 0.04661758422851563 0.06884941600617908
1 0.868058827718099 0.32413396381196524 0.06327280680338541 0.056193033854166664
1 0.27514264424641927 0.1899665877932594 0.03305353800455729 0.04363196236746652
1 0.9416840108235677 0.35527398472740535 0.11364084879557292 0.1139511607942127
1 0.22786161422729492 0.1667283603123256 0.043920377095540364 0.04165819713047573
1 0.7838371785481771 0.3043491045633952 0.0443212890625 0.04808761959984189
1 0.3602592976888021 0.23178937889280773 0.06330256144205729 0.08555249940781366
1 0.3098551177978516 0.19529230821700322 0.04469233194986979 0.05557461011977423
1 0.26460498809814453 0.18511587665194557 0.046355819702148436 0.03917186600821359
3 0.5599533335367839 0.48106095904395696 0.4839739481608073 0.5263824008759999
1 0.8747743225097656 0.674869560060047 0.24946400960286458 0.6193004335675921
1 0.47887379964192706 0.254485391435169 0.09790690104166666 0.10403998692830403
1 0.4163049825032552 0.2529858975183396 0.04828318277994792 0.0793114843822661
1 0.3115430704752604 0.20849818842751638 0.04661758422851563 0.06884941600617908
1 0.868058827718099 0.32413396381196524 0.06327280680338541 0.056193033854166664
1 0.27514264424641927 0.1899665877932594 0.03305353800455729 0.04363196236746652
1 0.9416840108235677 0.35527398472740535 0.11364084879557292 0.1139511607942127
1 0.22786161422729492 0.1667283603123256 0.043920377095540364 0.04165819713047573
1 0.7838371785481771 0.3043491045633952 0.0443212890625 0.04808761959984189
1 0.3602592976888021 0.23178937889280773 0.06330256144205729 0.08555249940781366
1 0.3098551177978516 0.19529230821700322 0.04469233194986979 0.05557461011977423
1 0.26460498809814453 0.18511587665194557 0.046355819702148436 0.03917186600821359
3 0.5599533335367839 0.48106095904395696 0.4839739481608073 0.5263824008759999
1 0.8747743225097656 0.674869560060047 0.24946400960286458 0.6193004335675921
1 0.47887379964192706 0.254485391435169 0.09790690104166666 0.10403998692830403
1 0.4163049825032552 0.2529858975183396 0.04828318277994792 0.0793114843822661
1 0.3115430704752604 0.20849818842751638 0.04661758422851563 0.06884941600617908
1 0.868058827718099 0.32413396381196524 0.06327280680338541 0.056193033854166664
1 0.27514264424641927 0.1899665877932594 0.03305353800455729 0.04363196236746652
1 0.9416840108235677 0.35527398472740535 0.11364084879557292 0.1139511607942127
1 0.22786161422729492 0.1667283603123256 0.043920377095540364 0.04165819713047573
1 0.7838371785481771 0.3043491045633952 0.0443212890625 0.04808761959984189
1 0.3602592976888021 0.23178937889280773 0.06330256144205729 0.08555249940781366
1 0.3098551177978516 0.19529230821700322 0.04469233194986979 0.05557461011977423
1 0.26460498809814453 0.18511587665194557 0.046355819702148436 0.03917186600821359
3 0.5599533335367839 0.48106095904395696 0.4839739481608073 0.5263824008759999
1 0.8747743225097656 0.674869560060047 0.24946400960286458 0.6193004335675921
1 0.47887379964192706 0.254485391435169 0.09790690104166666 0.10403998692830403
1 0.4163049825032552 0.2529858975183396 0.04828318277994792 0.0793114843822661
1 0.3115430704752604 0.20849818842751638 0.04661758422851563 0.06884941600617908
1 0.868058827718099 0.32413396381196524 0.06327280680338541 0.056193033854166664
1 0.27514264424641927 0.1899665877932594 0.03305353800455729 0.04363196236746652
1 0.9416840108235677 0.35527398472740535 0.11364084879557292 0.1139511607942127
1 0.22786161422729492 0.1667283603123256 0.043920377095540364 0.04165819713047573
1 0.7838371785481771 0.3043491045633952 0.0443212890625 0.04808761959984189
1 0.3602592976888021 0.23178937889280773 0.06330256144205729 0.08555249940781366
1 0.3098551177978516 0.19529230821700322 0.04469233194986979 0.05557461011977423
1 0.26460498809814453 0.18511587665194557 0.046355819702148436 0.03917186600821359
3 0.5599533335367839 0.48106095904395696 0.4839739481608073 0.5263824008759999
1 0.8747743225097656 0.674869560060047 0.24946400960286458 0.6193004335675921
1 0.47887379964192706 0.254485391435169 0.09790690104166666 0.10403998692830403
1 0.4163049825032552 0.2529858975183396 0.04828318277994792 0.0793114843822661
1 0.3115430704752604 0.20849818842751638 0.04661758422851563 0.06884941600617908
1 0.868058827718099 0.32413396381196524 0.06327280680338541 0.056193033854166664
1 0.27514264424641927 0.1899665877932594 0.03305353800455729 0.04363196236746652
1 0.9416840108235677 0.35527398472740535 0.11364084879557292 0.1139511607942127
1 0.22786161422729492 0.1667283603123256 0.043920377095540364 0.04165819713047573
1 0.7838371785481771 0.3043491045633952 0.0443212890625 0.04808761959984189
1 0.3602592976888021 0.23178937889280773 0.06330256144205729 0.08555249940781366
1 0.3098551177978516 0.19529230821700322 0.04469233194986979 0.05557461011977423
1 0.26460498809814453 0.18511587665194557 0.046355819702148436 0.03917186600821359
