8 0.3441981923752937 0.3592506992360933 0.334738924883414 0.20272439425108862
7 0.7428184730419214 0.33563651413214013 0.19440637118574502 0.20518923066352887
4 0.3441981923752937 0.3592506992360933 0.334738924883414 0.20272439425108862
3 0.7428184730419214 0.33563651413214013 0.19440637118574502 0.20518923066352887
4 0.3441981923752937 0.3592506992360933 0.334738924883414 0.20272439425108862
3 0.7428184730419214 0.33563651413214013 0.19440637118574502 0.20518923066352887
4 0.3441981923752937 0.3592506992360933 0.334738924883414 0.20272439425108862
3 0.7428184730419214 0.33563651413214013 0.19440637118574502 0.20518923066352887
4 0.3441981923752937 0.3592506992360933 0.334738924883414 0.20272439425108862
3 0.7428184730419214 0.33563651413214013 0.19440637118574502 0.20518923066352887
4 0.3441981923752937 0.3592506992360933 0.334738924883414 0.20272439425108862
3 0.7428184730419214 0.33563651413214013 0.19440637118574502 0.20518923066352887
4 0.3441981923752937 0.3592506992360933 0.334738924883414 0.20272439425108862
3 0.7428184730419214 0.33563651413214013 0.19440637118574502 0.20518923066352887
4 0.3441981923752937 0.3592506992360933 0.334738924883414 0.20272439425108862
3 0.7428184730419214 0.33563651413214013 0.19440637118574502 0.20518923066352887
4 0.3441981923752937 0.3592506992360933 0.334738924883414 0.20272439425108862
3 0.7428184730419214 0.33563651413214013 0.19440637118574502 0.20518923066352887
4 0.3441981923752937 0.3592506992360933 0.334738924883414 0.20272439425108862
3 0.7428184730419214 0.33563651413214013 0.19440637118574502 0.20518923066352887
