7 0.5756747881571452 0.5042501801536197 0.7736396408081054 0.6905323777879987
7 0.21215408325195312 0.16315552734193348 0.1425511678059896 0.22102847553434826
2 0.34558459599812824 0.3472420374552409 0.30745131174723306 0.28392046973818824
0 0.15874911626180013 0.9234960646856398 0.2045859654744466 0.13959303356352307
3 0.5756747881571452 0.5042501801536197 0.7736396408081054 0.6905323777879987
3 0.21215408325195312 0.16315552734193348 0.1425511678059896 0.22102847553434826
1 0.34558459599812824 0.3472420374552409 0.30745131174723306 0.28392046973818824
0 0.15874911626180013 0.9234960646856398 0.2045859654744466 0.13959303356352307
3 0.5756747881571452 0.5042501801536197 0.7736396408081054 0.6905323777879987
3 0.21215408325195312 0.16315552734193348 0.1425511678059896 0.22102847553434826
1 0.34558459599812824 0.3472420374552409 0.30745131174723306 0.28392046973818824
0 0.15874911626180013 0.9234960646856398 0.2045859654744466 0.13959303356352307
3 0.5756747881571452 0.5042501801536197 0.7736396408081054 0.6905323777879987
3 0.21215408325195312 0.16315552734193348 0.1425511678059896 0.22102847553434826
1 0.34558459599812824 0.3472420374552409 0.30745131174723306 0.28392046973818824
0 0.15874911626180013 0.9234960646856398 0.2045859654744466 0.13959303356352307
3 0.5756747881571452 0.5042501801536197 0.7736396408081054 0.6905323777879987
3 0.21215408325195312 0.16315552734193348 0.1425511678059896 0.22102847553434826
1 0.34558459599812824 0.3472420374552409 0.30745131174723306 0.28392046973818824
0 0.15874911626180013 0.9234960646856398 0.2045859654744466 0.13959303356352307
3 0.5756747881571452 0.5042501801536197 0.7736396408081054 0.6905323777879987
3 0.21215408325195312 0.16315552734193348 0.1425511678059896 0.22102847553434826
1 0.34558459599812824 0.3472420374552409 0.30745131174723306 0.28392046973818824
0 0.15874911626180013 0.9234960646856398 0.2045859654744466 0.13959303356352307
3 0.5756747881571452 0.5042501801536197 0.7736396408081054 0.6905323777879987
3 0.21215408325195312 0.16315552734193348 0.1425511678059896 0.22102847553434826
1 0.34558459599812824 0.3472420374552409 0.30745131174723306 0.28392046973818824
0 0.15874911626180013 0.9234960646856398 0.2045859654744466 0.13959303356352307
3 0.5756747881571452 0.5042501801536197 0.7736396408081054 0.6905323777879987
3 0.21215408325195312 0.16315552734193348 0.1425511678059896 0.22102847553434826
1 0.34558459599812824 0.3472420374552409 0.30745131174723306 0.28392046973818824
0 0.15874911626180013 0.9234960646856398 0.2045859654744466 0.13959303356352307
3 0.5756747881571452 0.5042501801536197 0.7736396408081054 0.6905323777879987
3 0.21215408325195312 0.16315552734193348 0.1425511678059896 0.22102847553434826
1 0.34558459599812824 0.3472420374552409 0.30745131174723306 0.28392046973818824
0 0.15874911626180013 0.9234960646856398 0.2045859654744466 0.13959303356352307
3 0.5756747881571452 0.5042501801536197 0.7736396408081054 0.6905323777879987
3 0.21215408325195312 0.16315552734193348 0.1425511678059896 0.22102847553434826
1 0.34558459599812824 0.3472420374552409 0.30745131174723306 0.28392046973818824
0 0.15874911626180013 0.9234960646856398 0.2045859654744466 0.13959303356352307
