2 0.5350620910411573 0.6136497060457865 0.3886122084755934 0.24190104007720947
2 0.13073608711475634 0.4235455393791199 0.2062299196956722 0.09005232652028401
2 0.02936107905418079 0.44085731108983356 0.058638437420044466 0.04938042163848877
1 0.5350620910411573 0.6136497060457865 0.3886122084755934 0.24190104007720947
1 0.13073608711475634 0.4235455393791199 0.2062299196956722 0.09005232652028401
1 0.02936107905418079 0.44085731108983356 0.058638437420044466 0.04938042163848877
1 0.5350620910411573 0.6136497060457865 0.3886122084755934 0.24190104007720947
1 0.13073608711475634 0.4235455393791199 0.2062299196956722 0.09005232652028401
1 0.02936107905418079 0.44085731108983356 0.058638437420044466 0.04938042163848877
1 0.5350620910411573 0.6136497060457865 0.3886122084755934 0.24190104007720947
1 0.13073608711475634 0.4235455393791199 0.2062299196956722 0.09005232652028401
1 0.02936107905418079 0.44085731108983356 0.058638437420044466 0.04938042163848877
1 0.5350620910411573 0.6136497060457865 0.3886122084755934 0.24190104007720947
1 0.13073608711475634 0.4235455393791199 0.2062299196956722 0.09005232652028401
1 0.02936107905418079 0.44085731108983356 0.058638437420044466 0.04938042163848877
1 0.5350620910411573 0.6136497060457865 0.3886122084755934 0.24190104007720947
1 0.13073608711475634 0.4235455393791199 0.2062299196956722 0.09005232652028401
1 0.02936107905418079 0.44085731108983356 0.058638437420044466 0.04938042163848877
1 0.5350620910411573 0.6136497060457865 0.3886122084755934 0.24190104007720947
1 0.13073608711475634 0.4235455393791199 0.2062299196956722 0.09005232652028401
1 0.02936107905418079 0.44085731108983356 0.058638437420044466 0.04938042163848877
1 0.5350620910411573 0.6136497060457865 0.3886122084755934 0.24190104007720947
1 0.13073608711475634 0.4235455393791199 0.2062299196956722 0.09005232652028401
1 0.02936107905418079 0.44085731108983356 0.058638437420044466 0.04938042163848877
1 0.5350620910411573 0.6136497060457865 0.3886122084755934 0.24190104007720947
1 0.13073608711475634 0.4235455393791199 0.2062299196956722 0.09005232652028401
1 0.02936107905418079 0.44085731108983356 0.058638437420044466 0.04938042163848877
1 0.5350620910411573 0.6136497060457865 0.3886122084755934 0.24190104007720947
1 0.13073608711475634 0.4235455393791199 0.2062299196956722 0.09005232652028401
1 0.02936107905418079 0.44085731108983356 0.058638437420044466 0.04938042163848877
