7 0.505014631097967 0.5585039274288657 0.8222446857799183 0.7116407800893314
3 0.505014631097967 0.5585039274288657 0.8222446857799183 0.7116407800893314
3 0.505014631097967 0.5585039274288657 0.8222446857799183 0.7116407800893314
3 0.505014631097967 0.5585039274288657 0.8222446857799183 0.7116407800893314
3 0.505014631097967 0.5585039274288657 0.8222446857799183 0.7116407800893314
3 0.505014631097967 0.5585039274288657 0.8222446857799183 0.7116407800893314
3 0.505014631097967 0.5585039274288657 0.8222446857799183 0.7116407800893314
3 0.505014631097967 0.5585039274288657 0.8222446857799183 0.7116407800893314
3 0.505014631097967 0.5585039274288657 0.8222446857799183 0.7116407800893314
3 0.505014631097967 0.5585039274288657 0.8222446857799183 0.7116407800893314
