2 0.4617131012658731 0.6778018300126238 0.38946078421626884 0.4110635897008384
2 0.16297860300405018 0.6955986022949219 0.3250990898776132 0.4939493318883384
2 0.7119190824924929 0.6627825062449385 0.34897287971422025 0.33934230339236376
2 0.8566432542831968 0.6411924594786109 0.27663990729018223 0.2750709347608613
2 0.9254097705555273 0.6250515914544826 0.1484124497404316 0.22027243637457128
1 0.4617131012658731 0.6778018300126238 0.38946078421626884 0.4110635897008384
1 0.16297860300405018 0.6955986022949219 0.3250990898776132 0.4939493318883384
1 0.7119190824924929 0.6627825062449385 0.34897287971422025 0.33934230339236376
1 0.8566432542831968 0.6411924594786109 0.27663990729018223 0.2750709347608613
1 0.9254097705555273 0.6250515914544826 0.1484124497404316 0.22027243637457128
1 0.4617131012658731 0.6778018300126238 0.38946078421626884 0.4110635897008384
1 0.16297860300405018 0.6955986022949219 0.3250990898776132 0.4939493318883384
1 0.7119190824924929 0.6627825062449385 0.34897287971422025 0.33934230339236376
1 0.8566432542831968 0.6411924594786109 0.27663990729018223 0.2750709347608613
1 0.9254097705555273 0.6250515914544826 0.1484124497404316 0.22027243637457128
1 0.4617131012658731 0.6778018300126238 0.38946078421626884 0.4110635897008384
1 0.16297860300405018 0.6955986022949219 0.3250990898776132 0.4939493318883384
1 0.7119190824924929 0.6627825062449385 0.34897287971422025 0.33934230339236376
1 0.8566432542831968 0.6411924594786109 0.27663990729018223 0.2750709347608613
1 0.9254097705555273 0.6250515914544826 0.1484124497404316 0.22027243637457128
1 0.4617131012658731 0.6778018300126238 0.38946078421626884 0.4110635897008384
1 0.16297860300405018 0.6955986022949219 0.3250990898776132 0.4939493318883384
1 0.7119190824924929 0.6627825062449385 0.34897287971422025 0.33934230339236376
1 0.8566432542831968 0.6411924594786109 0.27663990729018223 0.2750709347608613
1 0.9254097705555273 0.6250515914544826 0.1484124497404316 0.22027243637457128
1 0.4617131012658731 0.6778018300126238 0.38946078421626884 0.4110635897008384
1 0.16297860300405018 0.6955986022949219 0.3250990898776132 0.4939493318883384
1 0.7119190824924929 0.6627825062449385 0.34897287971422025 0.33934230339236376
1 0.8566432542831968 0.6411924594786109 0.27663990729018223 0.2750709347608613
1 0.9254097705555273 0.6250515914544826 0.1484124497404316 0.22027243637457128
1 0.4617131012658731 0.6778018300126238 0.38946078421626884 0.4110635897008384
1 0.16297860300405018 0.6955986022949219 0.3250990898776132 0.4939493318883384
1 0.7119190824924929 0.6627825062449385 0.34897287971422025 0.33934230339236376
1 0.8566432542831968 0.6411924594786109 0.27663990729018223 0.2750709347608613
1 0.9254097705555273 0.6250515914544826 0.1484124497404316 0.22027243637457128
1 0.4617131012658731 0.6778018300126238 0.38946078421626884 0.4110635897008384
1 0.16297860300405018 0.6955986022949219 0.3250990898776132 0.4939493318883384
1 0.7119190824924929 0.6627825062449385 0.34897287971422025 0.33934230339236376
1 0.8566432542831968 0.6411924594786109 0.27663990729018223 0.2750709347608613
1 0.9254097705555273 0.6250515914544826 0.1484124497404316 0.22027243637457128
1 0.4617131012658731 0.6778018300126238 0.38946078421626884 0.4110635897008384
1 0.16297860300405018 0.6955986022949219 0.3250990898776132 0.4939493318883384
1 0.7119190824924929 0.6627825062449385 0.34897287971422025 0.33934230339236376
1 0.8566432542831968 0.6411924594786109 0.27663990729018223 0.2750709347608613
1 0.9254097705555273 0.6250515914544826 0.1484124497404316 0.22027243637457128
1 0.4617131012658731 0.6778018300126238 0.38946078421626884 0.4110635897008384
1 0.16297860300405018 0.6955986022949219 0.3250990898776132 0.4939493318883384
1 0.7119190824924929 0.6627825062449385 0.34897287971422025 0.33934230339236376
1 0.8566432542831968 0.6411924594786109 0.27663990729018223 0.2750709347608613
1 0.9254097705555273 0.6250515914544826 0.1484124497404316 0.22027243637457128
