2 0.6973485173405828 0.4492571132699239 0.08476911272321429 0.08227440745560165
2 0.8255684164039877 0.42795885223703284 0.04076971694769546 0.05240206374335535
2 0.7843201685135889 0.4279718104097032 0.062043944841186055 0.07118457125634262
7 0.333641766581296 0.503023639167707 0.3801061416684891 0.2579220643977529
2 0.9475521544231872 0.39848791692674773 0.029445279979337595 0.02982888762483892
2 0.7379412853579723 0.4350862994636457 0.06414836161845439 0.08154670479371376
2 0.3341420368798451 0.5022705707353415 0.38110762489348304 0.25587266745026577
1 0.6973485173405828 0.4492571132699239 0.08476911272321429 0.08227440745560165
1 0.8255684164039877 0.42795885223703284 0.04076971694769546 0.05240206374335535
1 0.7843201685135889 0.4279718104097032 0.062043944841186055 0.07118457125634262
3 0.333641766581296 0.503023639167707 0.3801061416684891 0.2579220643977529
1 0.9475521544231872 0.39848791692674773 0.029445279979337595 0.02982888762483892
1 0.7379412853579723 0.4350862994636457 0.06414836161845439 0.08154670479371376
1 0.3341420368798451 0.5022705707353415 0.38110762489348304 0.25587266745026577
1 0.6973485173405828 0.4492571132699239 0.08476911272321429 0.08227440745560165
1 0.8255684164039877 0.42795885223703284 0.04076971694769546 0.05240206374335535
1 0.7843201685135889 0.4279718104097032 0.062043944841186055 0.07118457125634262
3 0.333641766581296 0.503023639167707 0.3801061416684891 0.2579220643977529
1 0.9475521544231872 0.39848791692674773 0.029445279979337595 0.02982888762483892
1 0.7379412853579723 0.4350862994636457 0.06414836161845439 0.08154670479371376
1 0.3341420368798451 0.5022705707353415 0.38110762489348304 0.25587266745026577
1 0.6973485173405828 0.4492571132699239 0.08476911272321429 0.08227440745560165
1 0.8255684164039877 0.42795885223703284 0.04076971694769546 0.05240206374335535
1 0.7843201685135889 0.4279718104097032 0.062043944841186055 0.07118457125634262
3 0.333641766581296 0.503023639167707 0.3801061416684891 0.2579220643977529
1 0.9475521544231872 0.39848791692674773 0.029445279979337595 0.02982888762483892
1 0.7379412853579723 0.4350862994636457 0.06414836161845439 0.08154670479371376
1 0.3341420368798451 0.5022705707353415 0.38110762489348304 0.25587266745026577
1 0.6973485173405828 0.4492571132699239 0.08476911272321429 0.08227440745560165
1 0.8255684164039877 0.42795885223703284 0.04076971694769546 0.05240206374335535
1 0.7843201685135889 0.4279718104097032 0.062043944841186055 0.07118457125634262
3 0.333641766581296 0.503023639167707 0.3801061416684891 0.2579220643977529
1 0.9475521544231872 0.39848791692674773 0.029445279979337595 0.02982888762483892
1 0.7379412853579723 0.4350862994636457 0.06414836161845439 0.08154670479371376
1 0.3341420368798451 0.5022705707353415 0.38110762489348304 0.25587266745026577
1 0.6973485173405828 0.4492571132699239 0.08476911272321429 0.08227440745560165
1 0.8255684164039877 0.42795885223703284 0.04076971694769546 0.05240206374335535
1 0.7843201685135889 0.4279718104097032 0.062043944841186055 0.07118457125634262
3 0.333641766581296 0.503023639167707 0.3801061416684891 0.2579220643977529
1 0.9475521544231872 0.39848791692674773 0.029445279979337595 0.02982888762483892
1 0.7379412853579723 0.4350862994636457 0.06414836161845439 0.08154670479371376
1 0.3341420368798451 0.5022705707353415 0.38110762489348304 0.25587266745026577
1 0.6973485173405828 0.4492571132699239 0.08476911272321429 0.08227440745560165
1 0.8255684164039877 0.42795885223703284 0.04076971694769546 0.05240206374335535
1 0.7843201685135889 0.4279718104097032 0.062043944841186055 0.07118457125634262
3 0.333641766581296 0.503023639167707 0.3801061416684891 0.2579220643977529
1 0.9475521544231872 0.39848791692674773 0.029445279979337595 0.02982888762483892
1 0.7379412853579723 0.4350862994636457 0.06414836161845439 0.08154670479371376
1 0.3341420368798451 0.5022705707353415 0.38110762489348304 0.25587266745026577
1 0.6973485173405828 0.4492571132699239 0.08476911272321429 0.08227440745560165
1 0.8255684164039877 0.42795885223703284 0.04076971694769546 0.05240206374335535
1 0.7843201685135889 0.4279718104097032 0.062043944841186055 0.07118457125634262
3 0.333641766581296 0.503023639167707 0.3801061416684891 0.2579220643977529
1 0.9475521544231872 0.39848791692674773 0.029445279979337595 0.02982888762483892
1 0.7379412853579723 0.4350862994636457 0.06414836161845439 0.08154670479371376
1 0.3341420368798451 0.5022705707353415 0.38110762489348304 0.25587266745026577
1 0.6973485173405828 0.4492571132699239 0.08476911272321429 0.08227440745560165
1 0.8255684164039877 0.42795885223703284 0.04076971694769546 0.05240206374335535
1 0.7843201685135889 0.4279718104097032 0.062043944841186055 0.07118457125634262
3 0.333641766581296 0.503023639167707 0.3801061416684891 0.2579220643977529
1 0.9475521544231872 0.39848791692674773 0.029445279979337595 0.02982888762483892
1 0.7379412853579723 0.4350862994636457 0.06414836161845439 0.08154670479371376
1 0.3341420368798451 0.5022705707353415 0.38110762489348304 0.25587266745026577
1 0.6973485173405828 0.4492571132699239 0.08476911272321429 0.08227440745560165
1 0.8255684164039877 0.42795885223703284 0.04076971694769546 0.05240206374335535
1 0.7843201685135889 0.4279718104097032 0.062043944841186055 0.07118457125634262
3 0.333641766581296 0.503023639167707 0.3801061416684891 0.2579220643977529
1 0.9475521544231872 0.39848791692674773 0.029445279979337595 0.02982888762483892
1 0.7379412853579723 0.4350862994636457 0.06414836161845439 0.08154670479371376
1 0.3341420368798451 0.5022705707353415 0.38110762489348304 0.25587266745026577
