2 0.12540846674839098 0.796047533630694 0.25063745198206283 0.3612044803679936
2 0.4995385787906718 0.3771963371801629 0.19255780280752574 0.22574183549830523
2 0.17499344893609092 0.7181081216802042 0.247203644741787 0.3475833468967014
0 0.3267889129981566 0.41580280929646163 0.03346223866894897 0.13334098694816468
2 0.8681718061925766 0.8607065917322876 0.2632213692540087 0.2623009252800513
0 0.29465114579218604 0.4320782858227927 0.044961222102133075 0.13844202435205852
1 0.12540846674839098 0.796047533630694 0.25063745198206283 0.3612044803679936
1 0.4995385787906718 0.3771963371801629 0.19255780280752574 0.22574183549830523
1 0.17499344893609092 0.7181081216802042 0.247203644741787 0.3475833468967014
0 0.3267889129981566 0.41580280929646163 0.03346223866894897 0.13334098694816468
1 0.8681718061925766 0.8607065917322876 0.2632213692540087 0.2623009252800513
0 0.29465114579218604 0.4320782858227927 0.044961222102133075 0.13844202435205852
1 0.12540846674839098 0.796047533630694 0.25063745198206283 0.3612044803679936
1 0.4995385787906718 0.3771963371801629 0.19255780280752574 0.22574183549830523
1 0.17499344893609092 0.7181081216802042 0.247203644741787 0.3475833468967014
0 0.3267889129981566 0.41580280929646163 0.03346223866894897 0.13334098694816468
1 0.8681718061925766 0.8607065917322876 0.2632213692540087 0.2623009252800513
0 0.29465114579218604 0.4320782858227927 0.044961222102133075 0.13844202435205852
1 0.12540846674839098 0.796047533630694 0.25063745198206283 0.3612044803679936
1 0.4995385787906718 0.3771963371801629 0.19255780280752574 0.22574183549830523
1 0.17499344893609092 0.7181081216802042 0.247203644741787 0.3475833468967014
0 0.3267889129981566 0.41580280929646163 0.03346223866894897 0.13334098694816468
1 0.8681718061925766 0.8607065917322876 0.2632213692540087 0.2623009252800513
0 0.29465114579218604 0.4320782858227927 0.044961222102133075 0.13844202435205852
1 0.12540846674839098 0.796047533630694 0.25063745198206283 0.3612044803679936
1 0.4995385787906718 0.3771963371801629 0.19255780280752574 0.22574183549830523
1 0.17499344893609092 0.7181081216802042 0.247203644741787 0.3475833468967014
0 0.3267889129981566 0.41580280929646163 0.03346223866894897 0.13334098694816468
1 0.8681718061925766 0.8607065917322876 0.2632213692540087 0.2623009252800513
0 0.29465114579218604 0.4320782858227927 0.044961222102133075 0.13844202435205852
1 0.12540846674839098 0.796047533630694 0.25063745198206283 0.3612044803679936
1 0.4995385787906718 0.3771963371801629 0.19255780280752574 0.22574183549830523
1 0.17499344893609092 0.7181081216802042 0.247203644741787 0.3475833468967014
0 0.3267889129981566 0.41580280929646163 0.03346223866894897 0.13334098694816468
1 0.8681718061925766 0.8607065917322876 0.2632213692540087 0.2623009252800513
0 0.29465114579218604 0.4320782858227927 0.044961222102133075 0.13844202435205852
1 0.12540846674839098 0.796047533630694 0.25063745198206283 0.3612044803679936
1 0.4995385787906718 0.3771963371801629 0.19255780280752574 0.22574183549830523
1 0.17499344893609092 0.7181081216802042 0.247203644741787 0.3475833468967014
0 0.3267889129981566 0.41580280929646163 0.03346223866894897 0.13334098694816468
1 0.8681718061925766 0.8607065917322876 0.2632213692540087 0.2623009252800513
0 0.29465114579218604 0.4320782858227927 0.044961222102133075 0.13844202435205852
1 0.12540846674839098 0.796047533630694 0.25063745198206283 0.3612044803679936
1 0.4995385787906718 0.3771963371801629 0.19255780280752574 0.22574183549830523
1 0.17499344893609092 0.7181081216802042 0.247203644741787 0.3475833468967014
0 0.3267889129981566 0.41580280929646163 0.03346223866894897 0.13334098694816468
1 0.8681718061925766 0.8607065917322876 0.2632213692540087 0.2623009252800513
0 0.29465114579218604 0.4320782858227927 0.044961222102133075 0.13844202435205852
1 0.12540846674839098 0.796047533630694 0.25063745198206283 0.3612044803679936
1 0.4995385787906718 0.3771963371801629 0.19255780280752574 0.22574183549830523
1 0.17499344893609092 0.7181081216802042 0.247203644741787 0.3475833468967014
0 0.3267889129981566 0.41580280929646163 0.03346223866894897 0.13334098694816468
1 0.8681718061925766 0.8607065917322876 0.2632213692540087 0.2623009252800513
0 0.29465114579218604 0.4320782858227927 0.044961222102133075 0.13844202435205852
1 0.12540846674839098 0.796047533630694 0.25063745198206283 0.3612044803679936
1 0.4995385787906718 0.3771963371801629 0.19255780280752574 0.22574183549830523
1 0.17499344893609092 0.7181081216802042 0.247203644741787 0.3475833468967014
0 0.3267889129981566 0.41580280929646163 0.03346223866894897 0.13334098694816468
1 0.8681718061925766 0.8607065917322876 0.2632213692540087 0.2623009252800513
0 0.29465114579218604 0.4320782858227927 0.044961222102133075 0.13844202435205852
