8 0.5402587127685546 0.3672939636668221 0.7160820284756747 0.657525346578796
4 0.5402587127685546 0.3672939636668221 0.7160820284756747 0.657525346578796
4 0.5402587127685546 0.3672939636668221 0.7160820284756747 0.657525346578796
4 0.5402587127685546 0.3672939636668221 0.7160820284756747 0.657525346578796
4 0.5402587127685546 0.3672939636668221 0.7160820284756747 0.657525346578796
4 0.5402587127685546 0.3672939636668221 0.7160820284756747 0.657525346578796
4 0.5402587127685546 0.3672939636668221 0.7160820284756747 0.657525346578796
4 0.5402587127685546 0.3672939636668221 0.7160820284756747 0.657525346578796
4 0.5402587127685546 0.3672939636668221 0.7160820284756747 0.657525346578796
4 0.5402587127685546 0.3672939636668221 0.7160820284756747 0.657525346578796
