2 0.5633145938129545 0.6230799836932488 0.339268666393352 0.3973814766362028
1 0.5633145938129545 0.6230799836932488 0.339268666393352 0.3973814766362028
1 0.5633145938129545 0.6230799836932488 0.339268666393352 0.3973814766362028
1 0.5633145938129545 0.6230799836932488 0.339268666393352 0.3973814766362028
1 0.5633145938129545 0.6230799836932488 0.339268666393352 0.3973814766362028
1 0.5633145938129545 0.6230799836932488 0.339268666393352 0.3973814766362028
1 0.5633145938129545 0.6230799836932488 0.339268666393352 0.3973814766362028
1 0.5633145938129545 0.6230799836932488 0.339268666393352 0.3973814766362028
1 0.5633145938129545 0.6230799836932488 0.339268666393352 0.3973814766362028
1 0.5633145938129545 0.6230799836932488 0.339268666393352 0.3973814766362028
