2 0.5004677938218283 0.6623318072446843 0.6508289175144033 0.3301559920163499
1 0.5004677938218283 0.6623318072446843 0.6508289175144033 0.3301559920163499
1 0.5004677938218283 0.6623318072446843 0.6508289175144033 0.3301559920163499
1 0.5004677938218283 0.6623318072446843 0.6508289175144033 0.3301559920163499
1 0.5004677938218283 0.6623318072446843 0.6508289175144033 0.3301559920163499
1 0.5004677938218283 0.6623318072446843 0.6508289175144033 0.3301559920163499
1 0.5004677938218283 0.6623318072446843 0.6508289175144033 0.3301559920163499
1 0.5004677938218283 0.6623318072446843 0.6508289175144033 0.3301559920163499
1 0.5004677938218283 0.6623318072446843 0.6508289175144033 0.3301559920163499
1 0.5004677938218283 0.6623318072446843 0.6508289175144033 0.3301559920163499
