2 0.21886812210083006 0.38614007404872347 0.07257971445719401 0.10682973407563709
2 0.7378107198079427 0.7075410570417132 0.3918394978841146 0.5494953337169829
2 0.497389284769694 0.5427820796058291 0.1480102284749349 0.21858792077927364
2 0.45457541147867836 0.49993308385213214 0.13257901509602865 0.22931385040283203
2 0.39693337758382163 0.46296836081005277 0.08310122172037761 0.19321943464733304
2 0.31168855031331383 0.3757063661302839 0.0647992197672526 0.11678457260131836
2 0.2689104970296224 0.36123519852047875 0.03023681640625 0.06366786502656482
2 0.3380779520670573 0.41733224051339285 0.05633936564127604 0.14104389009021578
2 0.40492561340332034 0.484566745303926 0.06839940388997395 0.22036159606206984
2 0.3648871739705404 0.43328956195286344 0.05490313212076823 0.16760519572666713
2 0.4023494338989258 0.43681312742687406 0.06942527770996093 0.1557169414701916
7 0.15104829788208007 0.3342141310373942 0.06441043853759766 0.10556000754946754
2 0.3041024017333984 0.3770903859819685 0.04301996866861979 0.12032013847714379
2 0.1526505406697591 0.33366815249125165 0.0664551289876302 0.10608239400954474
2 0.30421890258789064 0.3672028269086565 0.05500096638997396 0.1031468255179269
2 0.27215360005696615 0.3536688373202369 0.030726420084635418 0.08276478449503581
1 0.21886812210083006 0.38614007404872347 0.07257971445719401 0.10682973407563709
1 0.7378107198079427 0.7075410570417132 0.3918394978841146 0.5494953337169829
1 0.497389284769694 0.5427820796058291 0.1480102284749349 0.21858792077927364
1 0.45457541147867836 0.49993308385213214 0.13257901509602865 0.22931385040283203
1 0.39693337758382163 0.46296836081005277 0.08310122172037761 0.19321943464733304
1 0.31168855031331383 0.3757063661302839 0.0647992197672526 0.11678457260131836
1 0.2689104970296224 0.36123519852047875 0.03023681640625 0.06366786502656482
1 0.3380779520670573 0.41733224051339285 0.05633936564127604 0.14104389009021578
1 0.40492561340332034 0.484566745303926 0.06839940388997395 0.22036159606206984
1 0.3648871739705404 0.43328956195286344 0.05490313212076823 0.16760519572666713
1 0.4023494338989258 0.43681312742687406 0.06942527770996093 0.1557169414701916
3 0.15104829788208007 0.3342141310373942 0.06441043853759766 0.10556000754946754
1 0.3041024017333984 0.3770903859819685 0.04301996866861979 0.12032013847714379
1 0.1526505406697591 0.33366815249125165 0.0664551289876302 0.10608239400954474
1 0.30421890258789064 0.3672028269086565 0.05500096638997396 0.1031468255179269
1 0.27215360005696615 0.3536688373202369 0.030726420084635418 0.08276478449503581
1 0.21886812210083006 0.38614007404872347 0.07257971445719401 0.10682973407563709
1 0.7378107198079427 0.7075410570417132 0.3918394978841146 0.5494953337169829
1 0.497389284769694 0.5427820796058291 0.1480102284749349 0.21858792077927364
1 0.45457541147867836 0.49993308385213214 0.13257901509602865 0.22931385040283203
1 0.39693337758382163 0.46296836081005277 0.08310122172037761 0.19321943464733304
1 0.31168855031331383 0.3757063661302839 0.0647992197672526 0.11678457260131836
1 0.2689104970296224 0.36123519852047875 0.03023681640625 0.06366786502656482
1 0.3380779520670573 0.41733224051339285 0.05633936564127604 0.14104389009021578
1 0.40492561340332034 0.484566745303926 0.06839940388997395 0.22036159606206984
1 0.3648871739705404 0.43328956195286344 0.05490313212076823 0.16760519572666713
1 0.4023494338989258 0.43681312742687406 0.06942527770996093 0.1557169414701916
3 0.15104829788208007 0.3342141310373942 0.06441043853759766 0.10556000754946754
1 0.3041024017333984 0.3770903859819685 0.04301996866861979 0.12032013847714379
1 0.1526505406697591 0.33366815249125165 0.0664551289876302 0.10608239400954474
1 0.30421890258789064 0.3672028269086565 0.05500096638997396 0.1031468255179269
1 0.27215360005696615 0.3536688373202369 0.030726420084635418 0.08276478449503581
1 0.21886812210083006 0.38614007404872347 0.07257971445719401 0.10682973407563709
1 0.7378107198079427 0.7075410570417132 0.3918394978841146 0.5494953337169829
1 0.497389284769694 0.5427820796058291 0.1480102284749349 0.21858792077927364
1 0.45457541147867836 0.49993308385213214 0.13257901509602865 0.22931385040283203
1 0.39693337758382163 0.46296836081005277 0.08310122172037761 0.19321943464733304
1 0.31168855031331383 0.3757063661302839 0.0647992197672526 0.11678457260131836
1 0.2689104970296224 0.36123519852047875 0.03023681640625 0.06366786502656482
1 0.3380779520670573 0.41733224051339285 0.05633936564127604 0.14104389009021578
1 0.40492561340332034 0.484566745303926 0.06839940388997395 0.22036159606206984
1 0.3648871739705404 0.43328956195286344 0.05490313212076823 0.16760519572666713
1 0.4023494338989258 0.43681312742687406 0.06942527770996093 0.1557169414701916
3 0.15104829788208007 0.3342141310373942 0.06441043853759766 0.10556000754946754
1 0.3041024017333984 0.3770903859819685 0.04301996866861979 0.12032013847714379
1 0.1526505406697591 0.33366815249125165 0.0664551289876302 0.10608239400954474
1 0.30421890258789064 0.3672028269086565 0.05500096638997396 0.1031468255179269
1 0.27215360005696615 0.3536688373202369 0.030726420084635418 0.08276478449503581
1 0.21886812210083006 0.38614007404872347 0.07257971445719401 0.10682973407563709
1 0.7378107198079427 0.7075410570417132 0.3918394978841146 0.5494953337169829
1 0.497389284769694 0.5427820796058291 0.1480102284749349 0.21858792077927364
1 0.45457541147867836 0.49993308385213214 0.13257901509602865 0.22931385040283203
1 0.39693337758382163 0.46296836081005277 0.08310122172037761 0.19321943464733304
1 0.31168855031331383 0.3757063661302839 0.0647992197672526 0.11678457260131836
1 0.2689104970296224 0.36123519852047875 0.03023681640625 0.06366786502656482
1 0.3380779520670573 0.41733224051339285 0.05633936564127604 0.14104389009021578
1 0.40492561340332034 0.484566745303926 0.06839940388997395 0.22036159606206984
1 0.3648871739705404 0.43328956195286344 0.05490313212076823 0.16760519572666713
1 0.4023494338989258 0.43681312742687406 0.06942527770996093 0.1557169414701916
3 0.15104829788208007 0.3342141310373942 0.06441043853759766 0.10556000754946754
1 0.3041024017333984 0.3770903859819685 0.04301996866861979 0.12032013847714379
1 0.1526505406697591 0.33366815249125165 0.0664551289876302 0.10608239400954474
1 0.30421890258789064 0.3672028269086565 0.05500096638997396 0.1031468255179269
1 0.27215360005696615 0.3536688373202369 0.030726420084635418 0.08276478449503581
1 0.21886812210083006 0.38614007404872347 0.07257971445719401 0.10682973407563709
1 0.7378107198079427 0.7075410570417132 0.3918394978841146 0.5494953337169829
1 0.497389284769694 0.5427820796058291 0.1480102284749349 0.21858792077927364
1 0.45457541147867836 0.49993308385213214 0.13257901509602865 0.22931385040283203
1 0.39693337758382163 0.46296836081005277 0.08310122172037761 0.19321943464733304
1 0.31168855031331383 0.3757063661302839 0.0647992197672526 0.11678457260131836
1 0.2689104970296224 0.36123519852047875 0.03023681640625 0.06366786502656482
1 0.3380779520670573 0.41733224051339285 0.05633936564127604 0.14104389009021578
1 0.40492561340332034 0.484566745303926 0.06839940388997395 0.22036159606206984
1 0.3648871739705404 0.43328956195286344 0.05490313212076823 0.16760519572666713
1 0.4023494338989258 0.43681312742687406 0.06942527770996093 0.1557169414701916
3 0.15104829788208007 0.3342141310373942 0.06441043853759766 0.10556000754946754
1 0.3041024017333984 0.3770903859819685 0.04301996866861979 0.12032013847714379
1 0.1526505406697591 0.33366815249125165 0.0664551289876302 0.10608239400954474
1 0.30421890258789064 0.3672028269086565 0.05500096638997396 0.1031468255179269
1 0.27215360005696615 0.3536688373202369 0.030726420084635418 0.08276478449503581
1 0.21886812210083006 0.38614007404872347 0.07257971445719401 0.10682973407563709
1 0.7378107198079427 0.7075410570417132 0.3918394978841146 0.5494953337169829
1 0.497389284769694 0.5427820796058291 0.1480102284749349 0.21858792077927364
1 0.45457541147867836 0.49993308385213214 0.13257901509602865 0.22931385040283203
1 0.39693337758382163 0.46296836081005277 0.08310122172037761 0.19321943464733304
1 0.31168855031331383 0.3757063661302839 0.0647992197672526 0.11678457260131836
1 0.2689104970296224 0.36123519852047875 0.03023681640625 0.06366786502656482
1 0.3380779520670573 0.41733224051339285 0.05633936564127604 0.14104389009021578
1 0.40492561340332034 0.484566745303926 0.06839940388997395 0.22036159606206984
1 0.3648871739705404 0.43328956195286344 0.05490313212076823 0.16760519572666713
1 0.4023494338989258 0.43681312742687406 0.06942527770996093 0.1557169414701916
3 0.15104829788208007 0.3342141310373942 0.06441043853759766 0.10556000754946754
1 0.3041024017333984 0.3770903859819685 0.04301996866861979 0.12032013847714379
1 0.1526505406697591 0.33366815249125165 0.0664551289876302 0.10608239400954474
1 0.30421890258789064 0.3672028269086565 0.05500096638997396 0.1031468255179269
1 0.27215360005696615 0.3536688373202369 0.030726420084635418 0.08276478449503581
1 0.21886812210083006 0.38614007404872347 0.07257971445719401 0.10682973407563709
1 0.7378107198079427 0.7075410570417132 0.3918394978841146 0.5494953337169829
1 0.497389284769694 0.5427820796058291 0.1480102284749349 0.21858792077927364
1 0.45457541147867836 0.49993308385213214 0.13257901509602865 0.22931385040283203
1 0.39693337758382163 0.46296836081005277 0.08310122172037761 0.19321943464733304
1 0.31168855031331383 0.3757063661302839 0.0647992197672526 0.11678457260131836
1 0.2689104970296224 0.36123519852047875 0.03023681640625 0.06366786502656482
1 0.3380779520670573 0.41733224051339285 0.05633936564127604 0.14104389009021578
1 0.40492561340332034 0.484566745303926 0.06839940388997395 0.22036159606206984
1 0.3648871739705404 0.43328956195286344 0.05490313212076823 0.16760519572666713
1 0.4023494338989258 0.43681312742687406 0.06942527770996093 0.1557169414701916
3 0.15104829788208007 0.3342141310373942 0.06441043853759766 0.10556000754946754
1 0.3041024017333984 0.3770903859819685 0.04301996866861979 0.12032013847714379
1 0.1526505406697591 0.33366815249125165 0.0664551289876302 0.10608239400954474
1 0.30421890258789064 0.3672028269086565 0.05500096638997396 0.1031468255179269
1 0.27215360005696615 0.3536688373202369 0.030726420084635418 0.08276478449503581
1 0.21886812210083006 0.38614007404872347 0.07257971445719401 0.10682973407563709
1 0.7378107198079427 0.7075410570417132 0.3918394978841146 0.5494953337169829
1 0.497389284769694 0.5427820796058291 0.1480102284749349 0.21858792077927364
1 0.45457541147867836 0.49993308385213214 0.13257901509602865 0.22931385040283203
1 0.39693337758382163 0.46296836081005277 0.08310122172037761 0.19321943464733304
1 0.31168855031331383 0.3757063661302839 0.0647992197672526 0.11678457260131836
1 0.2689104970296224 0.36123519852047875 0.03023681640625 0.06366786502656482
1 0.3380779520670573 0.41733224051339285 0.05633936564127604 0.14104389009021578
1 0.40492561340332034 0.484566745303926 0.06839940388997395 0.22036159606206984
1 0.3648871739705404 0.43328956195286344 0.05490313212076823 0.16760519572666713
1 0.4023494338989258 0.43681312742687406 0.06942527770996093 0.1557169414701916
3 0.15104829788208007 0.3342141310373942 0.06441043853759766 0.10556000754946754
1 0.3041024017333984 0.3770903859819685 0.04301996866861979 0.12032013847714379
1 0.1526505406697591 0.33366815249125165 0.0664551289876302 0.10608239400954474
1 0.30421890258789064 0.3672028269086565 0.05500096638997396 0.1031468255179269
1 0.27215360005696615 0.3536688373202369 0.030726420084635418 0.08276478449503581
1 0.21886812210083006 0.38614007404872347 0.07257971445719401 0.10682973407563709
1 0.7378107198079427 0.7075410570417132 0.3918394978841146 0.5494953337169829
1 0.497389284769694 0.5427820796058291 0.1480102284749349 0.21858792077927364
1 0.45457541147867836 0.49993308385213214 0.13257901509602865 0.22931385040283203
1 0.39693337758382163 0.46296836081005277 0.08310122172037761 0.19321943464733304
1 0.31168855031331383 0.3757063661302839 0.0647992197672526 0.11678457260131836
1 0.2689104970296224 0.36123519852047875 0.03023681640625 0.06366786502656482
1 0.3380779520670573 0.41733224051339285 0.05633936564127604 0.14104389009021578
1 0.40492561340332034 0.484566745303926 0.06839940388997395 0.22036159606206984
1 0.3648871739705404 0.43328956195286344 0.05490313212076823 0.16760519572666713
1 0.4023494338989258 0.43681312742687406 0.06942527770996093 0.1557169414701916
3 0.15104829788208007 0.3342141310373942 0.06441043853759766 0.10556000754946754
1 0.3041024017333984 0.3770903859819685 0.04301996866861979 0.12032013847714379
1 0.1526505406697591 0.33366815249125165 0.0664551289876302 0.10608239400954474
1 0.30421890258789064 0.3672028269086565 0.05500096638997396 0.1031468255179269
1 0.27215360005696615 0.3536688373202369 0.030726420084635418 0.08276478449503581
