2 0.0622431178897274 0.5241590283580662 0.12397754586456365 0.2123735565500161
2 0.9296665265293195 0.4630793541977086 0.1396755380520029 0.14229229799250967
2 0.24277759242702174 0.5181769538171512 0.21123753551350596 0.21326312822164947
2 0.1458315389036672 0.464396761864731 0.14850220256790692 0.14934162257872907
2 0.8781967457657155 0.43806473250241623 0.12243711257993485 0.09163193850173164
2 0.4910182731952446 0.5094790507837669 0.20899724776220138 0.1938103744664143
2 0.7105533791324807 0.493677453896434 0.23861906427214044 0.18910008853243798
7 0.4920389035493711 0.5097293460492006 0.20923043033791325 0.19612770473834165
7 0.7109512564758537 0.49407506726451755 0.24048057762352196 0.19108046698816045
2 0.4050178233260814 0.4420491248061976 0.07648126314965914 0.08611722336601965
2 0.8047255880584128 0.42244635906416117 0.0755321252300012 0.05673701492781492
1 0.0622431178897274 0.5241590283580662 0.12397754586456365 0.2123735565500161
1 0.9296665265293195 0.4630793541977086 0.1396755380520029 0.14229229799250967
1 0.24277759242702174 0.5181769538171512 0.21123753551350596 0.21326312822164947
1 0.1458315389036672 0.464396761864731 0.14850220256790692 0.14934162257872907
1 0.8781967457657155 0.43806473250241623 0.12243711257993485 0.09163193850173164
1 0.4910182731952446 0.5094790507837669 0.20899724776220138 0.1938103744664143
1 0.7105533791324807 0.493677453896434 0.23861906427214044 0.18910008853243798
3 0.4920389035493711 0.5097293460492006 0.20923043033791325 0.19612770473834165
3 0.7109512564758537 0.49407506726451755 0.24048057762352196 0.19108046698816045
1 0.4050178233260814 0.4420491248061976 0.07648126314965914 0.08611722336601965
1 0.8047255880584128 0.42244635906416117 0.0755321252300012 0.05673701492781492
1 0.0622431178897274 0.5241590283580662 0.12397754586456365 0.2123735565500161
1 0.9296665265293195 0.4630793541977086 0.1396755380520029 0.14229229799250967
1 0.24277759242702174 0.5181769538171512 0.21123753551350596 0.21326312822164947
1 0.1458315389036672 0.464396761864731 0.14850220256790692 0.14934162257872907
1 0.8781967457657155 0.43806473250241623 0.12243711257993485 0.09163193850173164
1 0.4910182731952446 0.5094790507837669 0.20899724776220138 0.1938103744664143
1 0.7105533791324807 0.493677453896434 0.23861906427214044 0.18910008853243798
3 0.4920389035493711 0.5097293460492006 0.20923043033791325 0.19612770473834165
3 0.7109512564758537 0.49407506726451755 0.24048057762352196 0.19108046698816045
1 0.4050178233260814 0.4420491248061976 0.07648126314965914 0.08611722336601965
1 0.8047255880584128 0.42244635906416117 0.0755321252300012 0.05673701492781492
1 0.0622431178897274 0.5241590283580662 0.12397754586456365 0.2123735565500161
1 0.9296665265293195 0.4630793541977086 0.1396755380520029 0.14229229799250967
1 0.24277759242702174 0.5181769538171512 0.21123753551350596 0.21326312822164947
1 0.1458315389036672 0.464396761864731 0.14850220256790692 0.14934162257872907
1 0.8781967457657155 0.43806473250241623 0.12243711257993485 0.09163193850173164
1 0.4910182731952446 0.5094790507837669 0.20899724776220138 0.1938103744664143
1 0.7105533791324807 0.493677453896434 0.23861906427214044 0.18910008853243798
3 0.4920389035493711 0.5097293460492006 0.20923043033791325 0.19612770473834165
3 0.7109512564758537 0.49407506726451755 0.24048057762352196 0.19108046698816045
1 0.4050178233260814 0.4420491248061976 0.07648126314965914 0.08611722336601965
1 0.8047255880584128 0.42244635906416117 0.0755321252300012 0.05673701492781492
1 0.0622431178897274 0.5241590283580662 0.12397754586456365 0.2123735565500161
1 0.9296665265293195 0.4630793541977086 0.1396755380520029 0.14229229799250967
1 0.24277759242702174 0.5181769538171512 0.21123753551350596 0.21326312822164947
1 0.1458315389036672 0.464396761864731 0.14850220256790692 0.14934162257872907
1 0.8781967457657155 0.43806473250241623 0.12243711257993485 0.09163193850173164
1 0.4910182731952446 0.5094790507837669 0.20899724776220138 0.1938103744664143
1 0.7105533791324807 0.493677453896434 0.23861906427214044 0.18910008853243798
3 0.4920389035493711 0.5097293460492006 0.20923043033791325 0.19612770473834165
3 0.7109512564758537 0.49407506726451755 0.24048057762352196 0.19108046698816045
1 0.4050178233260814 0.4420491248061976 0.07648126314965914 0.08611722336601965
1 0.8047255880584128 0.42244635906416117 0.0755321252300012 0.05673701492781492
1 0.0622431178897274 0.5241590283580662 0.12397754586456365 0.2123735565500161
1 0.9296665265293195 0.4630793541977086 0.1396755380520029 0.14229229799250967
1 0.24277759242702174 0.5181769538171512 0.21123753551350596 0.21326312822164947
1 0.1458315389036672 0.464396761864731 0.14850220256790692 0.14934162257872907
1 0.8781967457657155 0.43806473250241623 0.12243711257993485 0.09163193850173164
1 0.4910182731952446 0.5094790507837669 0.20899724776220138 0.1938103744664143
1 0.7105533791324807 0.493677453896434 0.23861906427214044 0.18910008853243798
3 0.4920389035493711 0.5097293460492006 0.20923043033791325 0.19612770473834165
3 0.7109512564758537 0.49407506726451755 0.24048057762352196 0.19108046698816045
1 0.4050178233260814 0.4420491248061976 0.07648126314965914 0.08611722336601965
1 0.8047255880584128 0.42244635906416117 0.0755321252300012 0.05673701492781492
1 0.0622431178897274 0.5241590283580662 0.12397754586456365 0.2123735565500161
1 0.9296665265293195 0.4630793541977086 0.1396755380520029 0.14229229799250967
1 0.24277759242702174 0.5181769538171512 0.21123753551350596 0.21326312822164947
1 0.1458315389036672 0.464396761864731 0.14850220256790692 0.14934162257872907
1 0.8781967457657155 0.43806473250241623 0.12243711257993485 0.09163193850173164
1 0.4910182731952446 0.5094790507837669 0.20899724776220138 0.1938103744664143
1 0.7105533791324807 0.493677453896434 0.23861906427214044 0.18910008853243798
3 0.4920389035493711 0.5097293460492006 0.20923043033791325 0.19612770473834165
3 0.7109512564758537 0.49407506726451755 0.24048057762352196 0.19108046698816045
1 0.4050178233260814 0.4420491248061976 0.07648126314965914 0.08611722336601965
1 0.8047255880584128 0.42244635906416117 0.0755321252300012 0.05673701492781492
1 0.0622431178897274 0.5241590283580662 0.12397754586456365 0.2123735565500161
1 0.9296665265293195 0.4630793541977086 0.1396755380520029 0.14229229799250967
1 0.24277759242702174 0.5181769538171512 0.21123753551350596 0.21326312822164947
1 0.1458315389036672 0.464396761864731 0.14850220256790692 0.14934162257872907
1 0.8781967457657155 0.43806473250241623 0.12243711257993485 0.09163193850173164
1 0.4910182731952446 0.5094790507837669 0.20899724776220138 0.1938103744664143
1 0.7105533791324807 0.493677453896434 0.23861906427214044 0.18910008853243798
3 0.4920389035493711 0.5097293460492006 0.20923043033791325 0.19612770473834165
3 0.7109512564758537 0.49407506726451755 0.24048057762352196 0.19108046698816045
1 0.4050178233260814 0.4420491248061976 0.07648126314965914 0.08611722336601965
1 0.8047255880584128 0.42244635906416117 0.0755321252300012 0.05673701492781492
1 0.0622431178897274 0.5241590283580662 0.12397754586456365 0.2123735565500161
1 0.9296665265293195 0.4630793541977086 0.1396755380520029 0.14229229799250967
1 0.24277759242702174 0.5181769538171512 0.21123753551350596 0.21326312822164947
1 0.1458315389036672 0.464396761864731 0.14850220256790692 0.14934162257872907
1 0.8781967457657155 0.43806473250241623 0.12243711257993485 0.09163193850173164
1 0.4910182731952446 0.5094790507837669 0.20899724776220138 0.1938103744664143
1 0.7105533791324807 0.493677453896434 0.23861906427214044 0.18910008853243798
3 0.4920389035493711 0.5097293460492006 0.20923043033791325 0.19612770473834165
3 0.7109512564758537 0.49407506726451755 0.24048057762352196 0.19108046698816045
1 0.4050178233260814 0.4420491248061976 0.07648126314965914 0.08611722336601965
1 0.8047255880584128 0.42244635906416117 0.0755321252300012 0.05673701492781492
1 0.0622431178897274 0.5241590283580662 0.12397754586456365 0.2123735565500161
1 0.9296665265293195 0.4630793541977086 0.1396755380520029 0.14229229799250967
1 0.24277759242702174 0.5181769538171512 0.21123753551350596 0.21326312822164947
1 0.1458315389036672 0.464396761864731 0.14850220256790692 0.14934162257872907
1 0.8781967457657155 0.43806473250241623 0.12243711257993485 0.09163193850173164
1 0.4910182731952446 0.5094790507837669 0.20899724776220138 0.1938103744664143
1 0.7105533791324807 0.493677453896434 0.23861906427214044 0.18910008853243798
3 0.4920389035493711 0.5097293460492006 0.20923043033791325 0.19612770473834165
3 0.7109512564758537 0.49407506726451755 0.24048057762352196 0.19108046698816045
1 0.4050178233260814 0.4420491248061976 0.07648126314965914 0.08611722336601965
1 0.8047255880584128 0.42244635906416117 0.0755321252300012 0.05673701492781492
