2 0.8463686654394157 0.48399111891039914 0.3069200771521791 0.274834983707092
2 0.5692837009941482 0.4247091421809221 0.17481480156324833 0.07844527644814604
2 0.02575107608561429 0.6111869812011719 0.05132823773584832 0.2904560701834723
7 0.027990744945189962 0.565058475948986 0.055981489890379925 0.3794409005753117
1 0.8463686654394157 0.48399111891039914 0.3069200771521791 0.274834983707092
1 0.5692837009941482 0.4247091421809221 0.17481480156324833 0.07844527644814604
1 0.02575107608561429 0.6111869812011719 0.05132823773584832 0.2904560701834723
3 0.027990744945189962 0.565058475948986 0.055981489890379925 0.3794409005753117
1 0.8463686654394157 0.48399111891039914 0.3069200771521791 0.274834983707092
1 0.5692837009941482 0.4247091421809221 0.17481480156324833 0.07844527644814604
1 0.02575107608561429 0.6111869812011719 0.05132823773584832 0.2904560701834723
3 0.027990744945189962 0.565058475948986 0.055981489890379925 0.3794409005753117
1 0.8463686654394157 0.48399111891039914 0.3069200771521791 0.274834983707092
1 0.5692837009941482 0.4247091421809221 0.17481480156324833 0.07844527644814604
1 0.02575107608561429 0.6111869812011719 0.05132823773584832 0.2904560701834723
3 0.027990744945189962 0.565058475948986 0.055981489890379925 0.3794409005753117
1 0.8463686654394157 0.48399111891039914 0.3069200771521791 0.274834983707092
1 0.5692837009941482 0.4247091421809221 0.17481480156324833 0.07844527644814604
1 0.02575107608561429 0.6111869812011719 0.05132823773584832 0.2904560701834723
3 0.027990744945189962 0.565058475948986 0.055981489890379925 0.3794409005753117
1 0.8463686654394157 0.48399111891039914 0.3069200771521791 0.274834983707092
1 0.5692837009941482 0.4247091421809221 0.17481480156324833 0.07844527644814604
1 0.02575107608561429 0.6111869812011719 0.05132823773584832 0.2904560701834723
3 0.027990744945189962 0.565058475948986 0.055981489890379925 0.3794409005753117
1 0.8463686654394157 0.48399111891039914 0.3069200771521791 0.274834983707092
1 0.5692837009941482 0.4247091421809221 0.17481480156324833 0.07844527644814604
1 0.02575107608561429 0.6111869812011719 0.05132823773584832 0.2904560701834723
3 0.027990744945189962 0.565058475948986 0.055981489890379925 0.3794409005753117
1 0.8463686654394157 0.48399111891039914 0.3069200771521791 0.274834983707092
1 0.5692837009941482 0.4247091421809221 0.17481480156324833 0.07844527644814604
1 0.02575107608561429 0.6111869812011719 0.05132823773584832 0.2904560701834723
3 0.027990744945189962 0.565058475948986 0.055981489890379925 0.3794409005753117
1 0.8463686654394157 0.48399111891039914 0.3069200771521791 0.274834983707092
1 0.5692837009941482 0.4247091421809221 0.17481480156324833 0.07844527644814604
1 0.02575107608561429 0.6111869812011719 0.05132823773584832 0.2904560701834723
3 0.027990744945189962 0.565058475948986 0.055981489890379925 0.3794409005753117
1 0.8463686654394157 0.48399111891039914 0.3069200771521791 0.274834983707092
1 0.5692837009941482 0.4247091421809221 0.17481480156324833 0.07844527644814604
1 0.02575107608561429 0.6111869812011719 0.05132823773584832 0.2904560701834723
3 0.027990744945189962 0.565058475948986 0.055981489890379925 0.3794409005753117
