2 0.6750774078369141 0.45381949345270794 0.42992697143554687 0.5080996486875746
2 0.7636275329589843 0.1995196541150411 0.09946136474609375 0.12188764413197835
2 0.4546675262451172 0.1593734489546882 0.07713955688476562 0.10707490974002415
2 0.4363992004394531 0.39787089824676514 0.17661114501953126 0.39640937911139595
2 0.2583454647064209 0.49335938029819065 0.39141875076293947 0.5928580496046278
2 0.5151719360351562 0.16312752829657662 0.0522789306640625 0.08896896574232313
2 0.986513916015625 0.21291573842366537 0.0264488525390625 0.19004329045613608
2 0.5852526550292969 0.17884678310818142 0.11462518310546875 0.06757394472757976
2 0.8953739318847657 0.22629666328430176 0.10480804443359375 0.112649228837755
2 0.3750706787109375 0.14603463146421644 0.03706646728515625 0.07075162728627522
2 0.5327443695068359 0.1606987648540073 0.08766079711914063 0.09498404131995307
2 0.13829407501220703 0.21431964304712084 0.16679554748535155 0.2311586472723219
2 0.2705260391235352 0.14440423912472194 0.04358836364746094 0.07522877057393391
2 0.6897408752441406 0.1784002251095242 0.05898248291015625 0.05879033936394586
1 0.6750774078369141 0.45381949345270794 0.42992697143554687 0.5080996486875746
1 0.7636275329589843 0.1995196541150411 0.09946136474609375 0.12188764413197835
1 0.4546675262451172 0.1593734489546882 0.07713955688476562 0.10707490974002415
1 0.4363992004394531 0.39787089824676514 0.17661114501953126 0.39640937911139595
1 0.2583454647064209 0.49335938029819065 0.39141875076293947 0.5928580496046278
1 0.5151719360351562 0.16312752829657662 0.0522789306640625 0.08896896574232313
1 0.986513916015625 0.21291573842366537 0.0264488525390625 0.19004329045613608
1 0.5852526550292969 0.17884678310818142 0.11462518310546875 0.06757394472757976
1 0.8953739318847657 0.22629666328430176 0.10480804443359375 0.112649228837755
1 0.3750706787109375 0.14603463146421644 0.03706646728515625 0.07075162728627522
1 0.5327443695068359 0.1606987648540073 0.08766079711914063 0.09498404131995307
1 0.13829407501220703 0.21431964304712084 0.16679554748535155 0.2311586472723219
1 0.2705260391235352 0.14440423912472194 0.04358836364746094 0.07522877057393391
1 0.6897408752441406 0.1784002251095242 0.05898248291015625 0.05879033936394586
1 0.6750774078369141 0.45381949345270794 0.42992697143554687 0.5080996486875746
1 0.7636275329589843 0.1995196541150411 0.09946136474609375 0.12188764413197835
1 0.4546675262451172 0.1593734489546882 0.07713955688476562 0.10707490974002415
1 0.4363992004394531 0.39787089824676514 0.17661114501953126 0.39640937911139595
1 0.2583454647064209 0.49335938029819065 0.39141875076293947 0.5928580496046278
1 0.5151719360351562 0.16312752829657662 0.0522789306640625 0.08896896574232313
1 0.986513916015625 0.21291573842366537 0.0264488525390625 0.19004329045613608
1 0.5852526550292969 0.17884678310818142 0.11462518310546875 0.06757394472757976
1 0.8953739318847657 0.22629666328430176 0.10480804443359375 0.112649228837755
1 0.3750706787109375 0.14603463146421644 0.03706646728515625 0.07075162728627522
1 0.5327443695068359 0.1606987648540073 0.08766079711914063 0.09498404131995307
1 0.13829407501220703 0.21431964304712084 0.16679554748535155 0.2311586472723219
1 0.2705260391235352 0.14440423912472194 0.04358836364746094 0.07522877057393391
1 0.6897408752441406 0.1784002251095242 0.05898248291015625 0.05879033936394586
1 0.6750774078369141 0.45381949345270794 0.42992697143554687 0.5080996486875746
1 0.7636275329589843 0.1995196541150411 0.09946136474609375 0.12188764413197835
1 0.4546675262451172 0.1593734489546882 0.07713955688476562 0.10707490974002415
1 0.4363992004394531 0.39787089824676514 0.17661114501953126 0.39640937911139595
1 0.2583454647064209 0.49335938029819065 0.39141875076293947 0.5928580496046278
1 0.5151719360351562 0.16312752829657662 0.0522789306640625 0.08896896574232313
1 0.986513916015625 0.21291573842366537 0.0264488525390625 0.19004329045613608
1 0.5852526550292969 0.17884678310818142 0.11462518310546875 0.06757394472757976
1 0.8953739318847657 0.22629666328430176 0.10480804443359375 0.112649228837755
1 0.3750706787109375 0.14603463146421644 0.03706646728515625 0.07075162728627522
1 0.5327443695068359 0.1606987648540073 0.08766079711914063 0.09498404131995307
1 0.13829407501220703 0.21431964304712084 0.16679554748535155 0.2311586472723219
1 0.2705260391235352 0.14440423912472194 0.04358836364746094 0.07522877057393391
1 0.6897408752441406 0.1784002251095242 0.05898248291015625 0.05879033936394586
1 0.6750774078369141 0.45381949345270794 0.42992697143554687 0.5080996486875746
1 0.7636275329589843 0.1995196541150411 0.09946136474609375 0.12188764413197835
1 0.4546675262451172 0.1593734489546882 0.07713955688476562 0.10707490974002415
1 0.4363992004394531 0.39787089824676514 0.17661114501953126 0.39640937911139595
1 0.2583454647064209 0.49335938029819065 0.39141875076293947 0.5928580496046278
1 0.5151719360351562 0.16312752829657662 0.0522789306640625 0.08896896574232313
1 0.986513916015625 0.21291573842366537 0.0264488525390625 0.19004329045613608
1 0.5852526550292969 0.17884678310818142 0.11462518310546875 0.06757394472757976
1 0.8953739318847657 0.22629666328430176 0.10480804443359375 0.112649228837755
1 0.3750706787109375 0.14603463146421644 0.03706646728515625 0.07075162728627522
1 0.5327443695068359 0.1606987648540073 0.08766079711914063 0.09498404131995307
1 0.13829407501220703 0.21431964304712084 0.16679554748535155 0.2311586472723219
1 0.2705260391235352 0.14440423912472194 0.04358836364746094 0.07522877057393391
1 0.6897408752441406 0.1784002251095242 0.05898248291015625 0.05879033936394586
1 0.6750774078369141 0.45381949345270794 0.42992697143554687 0.5080996486875746
1 0.7636275329589843 0.1995196541150411 0.09946136474609375 0.12188764413197835
1 0.4546675262451172 0.1593734489546882 0.07713955688476562 0.10707490974002415
1 0.4363992004394531 0.39787089824676514 0.17661114501953126 0.39640937911139595
1 0.2583454647064209 0.49335938029819065 0.39141875076293947 0.5928580496046278
1 0.5151719360351562 0.16312752829657662 0.0522789306640625 0.08896896574232313
1 0.986513916015625 0.21291573842366537 0.0264488525390625 0.19004329045613608
1 0.5852526550292969 0.17884678310818142 0.11462518310546875 0.06757394472757976
1 0.8953739318847657 0.22629666328430176 0.10480804443359375 0.112649228837755
1 0.3750706787109375 0.14603463146421644 0.03706646728515625 0.07075162728627522
1 0.5327443695068359 0.1606987648540073 0.08766079711914063 0.09498404131995307
1 0.13829407501220703 0.21431964304712084 0.16679554748535155 0.2311586472723219
1 0.2705260391235352 0.14440423912472194 0.04358836364746094 0.07522877057393391
1 0.6897408752441406 0.1784002251095242 0.05898248291015625 0.05879033936394586
1 0.6750774078369141 0.45381949345270794 0.42992697143554687 0.5080996486875746
1 0.7636275329589843 0.1995196541150411 0.09946136474609375 0.12188764413197835
1 0.4546675262451172 0.1593734489546882 0.07713955688476562 0.10707490974002415
1 0.4363992004394531 0.39787089824676514 0.17661114501953126 0.39640937911139595
1 0.2583454647064209 0.49335938029819065 0.39141875076293947 0.5928580496046278
1 0.5151719360351562 0.16312752829657662 0.0522789306640625 0.08896896574232313
1 0.986513916015625 0.21291573842366537 0.0264488525390625 0.19004329045613608
1 0.5852526550292969 0.17884678310818142 0.11462518310546875 0.06757394472757976
1 0.8953739318847657 0.22629666328430176 0.10480804443359375 0.112649228837755
1 0.3750706787109375 0.14603463146421644 0.03706646728515625 0.07075162728627522
1 0.5327443695068359 0.1606987648540073 0.08766079711914063 0.09498404131995307
1 0.13829407501220703 0.21431964304712084 0.16679554748535155 0.2311586472723219
1 0.2705260391235352 0.14440423912472194 0.04358836364746094 0.07522877057393391
1 0.6897408752441406 0.1784002251095242 0.05898248291015625 0.05879033936394586
1 0.6750774078369141 0.45381949345270794 0.42992697143554687 0.5080996486875746
1 0.7636275329589843 0.1995196541150411 0.09946136474609375 0.12188764413197835
1 0.4546675262451172 0.1593734489546882 0.07713955688476562 0.10707490974002415
1 0.4363992004394531 0.39787089824676514 0.17661114501953126 0.39640937911139595
1 0.2583454647064209 0.49335938029819065 0.39141875076293947 0.5928580496046278
1 0.5151719360351562 0.16312752829657662 0.0522789306640625 0.08896896574232313
1 0.986513916015625 0.21291573842366537 0.0264488525390625 0.19004329045613608
1 0.5852526550292969 0.17884678310818142 0.11462518310546875 0.06757394472757976
1 0.8953739318847657 0.22629666328430176 0.10480804443359375 0.112649228837755
1 0.3750706787109375 0.14603463146421644 0.03706646728515625 0.07075162728627522
1 0.5327443695068359 0.1606987648540073 0.08766079711914063 0.09498404131995307
1 0.13829407501220703 0.21431964304712084 0.16679554748535155 0.2311586472723219
1 0.2705260391235352 0.14440423912472194 0.04358836364746094 0.07522877057393391
1 0.6897408752441406 0.1784002251095242 0.05898248291015625 0.05879033936394586
1 0.6750774078369141 0.45381949345270794 0.42992697143554687 0.5080996486875746
1 0.7636275329589843 0.1995196541150411 0.09946136474609375 0.12188764413197835
1 0.4546675262451172 0.1593734489546882 0.07713955688476562 0.10707490974002415
1 0.4363992004394531 0.39787089824676514 0.17661114501953126 0.39640937911139595
1 0.2583454647064209 0.49335938029819065 0.39141875076293947 0.5928580496046278
1 0.5151719360351562 0.16312752829657662 0.0522789306640625 0.08896896574232313
1 0.986513916015625 0.21291573842366537 0.0264488525390625 0.19004329045613608
1 0.5852526550292969 0.17884678310818142 0.11462518310546875 0.06757394472757976
1 0.8953739318847657 0.22629666328430176 0.10480804443359375 0.112649228837755
1 0.3750706787109375 0.14603463146421644 0.03706646728515625 0.07075162728627522
1 0.5327443695068359 0.1606987648540073 0.08766079711914063 0.09498404131995307
1 0.13829407501220703 0.21431964304712084 0.16679554748535155 0.2311586472723219
1 0.2705260391235352 0.14440423912472194 0.04358836364746094 0.07522877057393391
1 0.6897408752441406 0.1784002251095242 0.05898248291015625 0.05879033936394586
1 0.6750774078369141 0.45381949345270794 0.42992697143554687 0.5080996486875746
1 0.7636275329589843 0.1995196541150411 0.09946136474609375 0.12188764413197835
1 0.4546675262451172 0.1593734489546882 0.07713955688476562 0.10707490974002415
1 0.4363992004394531 0.39787089824676514 0.17661114501953126 0.39640937911139595
1 0.2583454647064209 0.49335938029819065 0.39141875076293947 0.5928580496046278
1 0.5151719360351562 0.16312752829657662 0.0522789306640625 0.08896896574232313
1 0.986513916015625 0.21291573842366537 0.0264488525390625 0.19004329045613608
1 0.5852526550292969 0.17884678310818142 0.11462518310546875 0.06757394472757976
1 0.8953739318847657 0.22629666328430176 0.10480804443359375 0.112649228837755
1 0.3750706787109375 0.14603463146421644 0.03706646728515625 0.07075162728627522
1 0.5327443695068359 0.1606987648540073 0.08766079711914063 0.09498404131995307
1 0.13829407501220703 0.21431964304712084 0.16679554748535155 0.2311586472723219
1 0.2705260391235352 0.14440423912472194 0.04358836364746094 0.07522877057393391
1 0.6897408752441406 0.1784002251095242 0.05898248291015625 0.05879033936394586
