2 0.43414705428318007 0.5692218461359639 0.7975765199803594 0.2985946533689461
1 0.43414705428318007 0.5692218461359639 0.7975765199803594 0.2985946533689461
1 0.43414705428318007 0.5692218461359639 0.7975765199803594 0.2985946533689461
1 0.43414705428318007 0.5692218461359639 0.7975765199803594 0.2985946533689461
1 0.43414705428318007 0.5692218461359639 0.7975765199803594 0.2985946533689461
1 0.43414705428318007 0.5692218461359639 0.7975765199803594 0.2985946533689461
1 0.43414705428318007 0.5692218461359639 0.7975765199803594 0.2985946533689461
1 0.43414705428318007 0.5692218461359639 0.7975765199803594 0.2985946533689461
1 0.43414705428318007 0.5692218461359639 0.7975765199803594 0.2985946533689461
1 0.43414705428318007 0.5692218461359639 0.7975765199803594 0.2985946533689461
