2 0.1976943923581031 0.6747581622351898 0.36495303184755384 0.5267105570600077
1 0.1976943923581031 0.6747581622351898 0.36495303184755384 0.5267105570600077
1 0.1976943923581031 0.6747581622351898 0.36495303184755384 0.5267105570600077
1 0.1976943923581031 0.6747581622351898 0.36495303184755384 0.5267105570600077
1 0.1976943923581031 0.6747581622351898 0.36495303184755384 0.5267105570600077
1 0.1976943923581031 0.6747581622351898 0.36495303184755384 0.5267105570600077
1 0.1976943923581031 0.6747581622351898 0.36495303184755384 0.5267105570600077
1 0.1976943923581031 0.6747581622351898 0.36495303184755384 0.5267105570600077
1 0.1976943923581031 0.6747581622351898 0.36495303184755384 0.5267105570600077
1 0.1976943923581031 0.6747581622351898 0.36495303184755384 0.5267105570600077
