2 0.45094079621799327 0.3135066863262292 0.20833216162876309 0.537665605545044
2 0.9487457275390625 0.37295792319557886 0.10179673439545157 0.7459158463911577
2 0.3369081607039686 0.1934930199023449 0.1334433630498916 0.359840247667197
0 0.023909928286886963 0.07196107055201675 0.03966289540235909 0.1439221411040335
2 0.6896822265305445 0.4966443379720052 0.4516403837353771 0.9932886759440104
2 0.2834753166318564 0.12634570670850348 0.08047914754657845 0.25269141341700696
7 0.6896236279872076 0.49444215947931464 0.45104800718617066 0.9888843189586293
1 0.45094079621799327 0.3135066863262292 0.20833216162876309 0.537665605545044
1 0.9487457275390625 0.37295792319557886 0.10179673439545157 0.7459158463911577
1 0.3369081607039686 0.1934930199023449 0.1334433630498916 0.359840247667197
0 0.023909928286886963 0.07196107055201675 0.03966289540235909 0.1439221411040335
1 0.6896822265305445 0.4966443379720052 0.4516403837353771 0.9932886759440104
1 0.2834753166318564 0.12634570670850348 0.08047914754657845 0.25269141341700696
3 0.6896236279872076 0.49444215947931464 0.45104800718617066 0.9888843189586293
1 0.45094079621799327 0.3135066863262292 0.20833216162876309 0.537665605545044
1 0.9487457275390625 0.37295792319557886 0.10179673439545157 0.7459158463911577
1 0.3369081607039686 0.1934930199023449 0.1334433630498916 0.359840247667197
0 0.023909928286886963 0.07196107055201675 0.03966289540235909 0.1439221411040335
1 0.6896822265305445 0.4966443379720052 0.4516403837353771 0.9932886759440104
1 0.2834753166318564 0.12634570670850348 0.08047914754657845 0.25269141341700696
3 0.6896236279872076 0.49444215947931464 0.45104800718617066 0.9888843189586293
1 0.45094079621799327 0.3135066863262292 0.20833216162876309 0.537665605545044
1 0.9487457275390625 0.37295792319557886 0.10179673439545157 0.7459158463911577
1 0.3369081607039686 0.1934930199023449 0.1334433630498916 0.359840247667197
0 0.023909928286886963 0.07196107055201675 0.03966289540235909 0.1439221411040335
1 0.6896822265305445 0.4966443379720052 0.4516403837353771 0.9932886759440104
1 0.2834753166318564 0.12634570670850348 0.08047914754657845 0.25269141341700696
3 0.6896236279872076 0.49444215947931464 0.45104800718617066 0.9888843189586293
1 0.45094079621799327 0.3135066863262292 0.20833216162876309 0.537665605545044
1 0.9487457275390625 0.37295792319557886 0.10179673439545157 0.7459158463911577
1 0.3369081607039686 0.1934930199023449 0.1334433630498916 0.359840247667197
0 0.023909928286886963 0.07196107055201675 0.03966289540235909 0.1439221411040335
1 0.6896822265305445 0.4966443379720052 0.4516403837353771 0.9932886759440104
1 0.2834753166318564 0.12634570670850348 0.08047914754657845 0.25269141341700696
3 0.6896236279872076 0.49444215947931464 0.45104800718617066 0.9888843189586293
1 0.45094079621799327 0.3135066863262292 0.20833216162876309 0.537665605545044
1 0.9487457275390625 0.37295792319557886 0.10179673439545157 0.7459158463911577
1 0.3369081607039686 0.1934930199023449 0.1334433630498916 0.359840247667197
0 0.023909928286886963 0.07196107055201675 0.03966289540235909 0.1439221411040335
1 0.6896822265305445 0.4966443379720052 0.4516403837353771 0.9932886759440104
1 0.2834753166318564 0.12634570670850348 0.08047914754657845 0.25269141341700696
3 0.6896236279872076 0.49444215947931464 0.45104800718617066 0.9888843189586293
1 0.45094079621799327 0.3135066863262292 0.20833216162876309 0.537665605545044
1 0.9487457275390625 0.37295792319557886 0.10179673439545157 0.7459158463911577
1 0.3369081607039686 0.1934930199023449 0.1334433630498916 0.359840247667197
0 0.023909928286886963 0.07196107055201675 0.03966289540235909 0.1439221411040335
1 0.6896822265305445 0.4966443379720052 0.4516403837353771 0.9932886759440104
1 0.2834753166318564 0.12634570670850348 0.08047914754657845 0.25269141341700696
3 0.6896236279872076 0.49444215947931464 0.45104800718617066 0.9888843189586293
1 0.45094079621799327 0.3135066863262292 0.20833216162876309 0.537665605545044
1 0.9487457275390625 0.37295792319557886 0.10179673439545157 0.7459158463911577
1 0.3369081607039686 0.1934930199023449 0.1334433630498916 0.359840247667197
0 0.023909928286886963 0.07196107055201675 0.03966289540235909 0.1439221411040335
1 0.6896822265305445 0.4966443379720052 0.4516403837353771 0.9932886759440104
1 0.2834753166318564 0.12634570670850348 0.08047914754657845 0.25269141341700696
3 0.6896236279872076 0.49444215947931464 0.45104800718617066 0.9888843189586293
1 0.45094079621799327 0.3135066863262292 0.20833216162876309 0.537665605545044
1 0.9487457275390625 0.37295792319557886 0.10179673439545157 0.7459158463911577
1 0.3369081607039686 0.1934930199023449 0.1334433630498916 0.359840247667197
0 0.023909928286886963 0.07196107055201675 0.03966289540235909 0.1439221411040335
1 0.6896822265305445 0.4966443379720052 0.4516403837353771 0.9932886759440104
1 0.2834753166318564 0.12634570670850348 0.08047914754657845 0.25269141341700696
3 0.6896236279872076 0.49444215947931464 0.45104800718617066 0.9888843189586293
1 0.45094079621799327 0.3135066863262292 0.20833216162876309 0.537665605545044
1 0.9487457275390625 0.37295792319557886 0.10179673439545157 0.7459158463911577
1 0.3369081607039686 0.1934930199023449 0.1334433630498916 0.359840247667197
0 0.023909928286886963 0.07196107055201675 0.03966289540235909 0.1439221411040335
1 0.6896822265305445 0.4966443379720052 0.4516403837353771 0.9932886759440104
1 0.2834753166318564 0.12634570670850348 0.08047914754657845 0.25269141341700696
3 0.6896236279872076 0.49444215947931464 0.45104800718617066 0.9888843189586293
