0 0.7369420276988636 0.696479192848414 0.12952170632102272 0.5515236359476392
0 0.06500197670676491 0.7079348954998079 0.13000395341352983 0.5787579479113303
0 0.1892469648881392 0.6883230365690638 0.12394819779829545 0.5023784116317666
0 0.3681871726296165 0.7182438542934063 0.11629594282670455 0.5430626791031634
0 0.5015024358575995 0.7144349937230512 0.11345042835582386 0.5513104298075692
0 0.5942330655184659 0.7277118495253266 0.10891934481534091 0.44061441890528946
0 0.9030211015181108 0.7085193988403987 0.13775373979048294 0.5649158081721738
0 0.44631505792791193 0.6675285797952955 0.0721173095703125 0.4654022383559597
0 0.8461269586736506 0.6660582328754696 0.10296481045809659 0.4884553502817623
0 0.6651698996803977 0.7028449428537504 0.06473466352982954 0.43172062941587686
0 0.11290636929598721 0.46832746495314637 0.05998687744140625 0.17460207079277665
0 0.2608612129905007 0.5465862503468665 0.05722233165394176 0.33054022450264686
0 0.16005543795498936 0.4536634142932996 0.04351314197887074 0.11632754633335468
0 0.41350838401100853 0.469848882956583 0.03845464533025568 0.13039410700563525
2 0.7956561001864346 0.49795719834624746 0.05495710893110795 0.09530489561987705
0 0.7369420276988636 0.696479192848414 0.12952170632102272 0.5515236359476392
0 0.06500197670676491 0.7079348954998079 0.13000395341352983 0.5787579479113303
0 0.1892469648881392 0.6883230365690638 0.12394819779829545 0.5023784116317666
0 0.3681871726296165 0.7182438542934063 0.11629594282670455 0.5430626791031634
0 0.5015024358575995 0.7144349937230512 0.11345042835582386 0.5513104298075692
0 0.5942330655184659 0.7277118495253266 0.10891934481534091 0.44061441890528946
0 0.9030211015181108 0.7085193988403987 0.13775373979048294 0.5649158081721738
0 0.44631505792791193 0.6675285797952955 0.0721173095703125 0.4654022383559597
0 0.8461269586736506 0.6660582328754696 0.10296481045809659 0.4884553502817623
0 0.6651698996803977 0.7028449428537504 0.06473466352982954 0.43172062941587686
0 0.11290636929598721 0.46832746495314637 0.05998687744140625 0.17460207079277665
0 0.2608612129905007 0.5465862503468665 0.05722233165394176 0.33054022450264686
0 0.16005543795498936 0.4536634142932996 0.04351314197887074 0.11632754633335468
0 0.41350838401100853 0.469848882956583 0.03845464533025568 0.13039410700563525
1 0.7956561001864346 0.49795719834624746 0.05495710893110795 0.09530489561987705
0 0.7369420276988636 0.696479192848414 0.12952170632102272 0.5515236359476392
0 0.06500197670676491 0.7079348954998079 0.13000395341352983 0.5787579479113303
0 0.1892469648881392 0.6883230365690638 0.12394819779829545 0.5023784116317666
0 0.3681871726296165 0.7182438542934063 0.11629594282670455 0.5430626791031634
0 0.5015024358575995 0.7144349937230512 0.11345042835582386 0.5513104298075692
0 0.5942330655184659 0.7277118495253266 0.10891934481534091 0.44061441890528946
0 0.9030211015181108 0.7085193988403987 0.13775373979048294 0.5649158081721738
0 0.44631505792791193 0.6675285797952955 0.0721173095703125 0.4654022383559597
0 0.8461269586736506 0.6660582328754696 0.10296481045809659 0.4884553502817623
0 0.6651698996803977 0.7028449428537504 0.06473466352982954 0.43172062941587686
0 0.11290636929598721 0.46832746495314637 0.05998687744140625 0.17460207079277665
0 0.2608612129905007 0.5465862503468665 0.05722233165394176 0.33054022450264686
0 0.16005543795498936 0.4536634142932996 0.04351314197887074 0.11632754633335468
0 0.41350838401100853 0.469848882956583 0.03845464533025568 0.13039410700563525
1 0.7956561001864346 0.49795719834624746 0.05495710893110795 0.09530489561987705
0 0.7369420276988636 0.696479192848414 0.12952170632102272 0.5515236359476392
0 0.06500197670676491 0.7079348954998079 0.13000395341352983 0.5787579479113303
0 0.1892469648881392 0.6883230365690638 0.12394819779829545 0.5023784116317666
0 0.3681871726296165 0.7182438542934063 0.11629594282670455 0.5430626791031634
0 0.5015024358575995 0.7144349937230512 0.11345042835582386 0.5513104298075692
0 0.5942330655184659 0.7277118495253266 0.10891934481534091 0.44061441890528946
0 0.9030211015181108 0.7085193988403987 0.13775373979048294 0.5649158081721738
0 0.44631505792791193 0.6675285797952955 0.0721173095703125 0.4654022383559597
0 0.8461269586736506 0.6660582328754696 0.10296481045809659 0.4884553502817623
0 0.6651698996803977 0.7028449428537504 0.06473466352982954 0.43172062941587686
0 0.11290636929598721 0.46832746495314637 0.05998687744140625 0.17460207079277665
0 0.2608612129905007 0.5465862503468665 0.05722233165394176 0.33054022450264686
0 0.16005543795498936 0.4536634142932996 0.04351314197887074 0.11632754633335468
0 0.41350838401100853 0.469848882956583 0.03845464533025568 0.13039410700563525
1 0.7956561001864346 0.49795719834624746 0.05495710893110795 0.09530489561987705
0 0.7369420276988636 0.696479192848414 0.12952170632102272 0.5515236359476392
0 0.06500197670676491 0.7079348954998079 0.13000395341352983 0.5787579479113303
0 0.1892469648881392 0.6883230365690638 0.12394819779829545 0.5023784116317666
0 0.3681871726296165 0.7182438542934063 0.11629594282670455 0.5430626791031634
0 0.5015024358575995 0.7144349937230512 0.11345042835582386 0.5513104298075692
0 0.5942330655184659 0.7277118495253266 0.10891934481534091 0.44061441890528946
0 0.9030211015181108 0.7085193988403987 0.13775373979048294 0.5649158081721738
0 0.44631505792791193 0.6675285797952955 0.0721173095703125 0.4654022383559597
0 0.8461269586736506 0.6660582328754696 0.10296481045809659 0.4884553502817623
0 0.6651698996803977 0.7028449428537504 0.06473466352982954 0.43172062941587686
0 0.11290636929598721 0.46832746495314637 0.05998687744140625 0.17460207079277665
0 0.2608612129905007 0.5465862503468665 0.05722233165394176 0.33054022450264686
0 0.16005543795498936 0.4536634142932996 0.04351314197887074 0.11632754633335468
0 0.41350838401100853 0.469848882956583 0.03845464533025568 0.13039410700563525
1 0.7956561001864346 0.49795719834624746 0.05495710893110795 0.09530489561987705
0 0.7369420276988636 0.696479192848414 0.12952170632102272 0.5515236359476392
0 0.06500197670676491 0.7079348954998079 0.13000395341352983 0.5787579479113303
0 0.1892469648881392 0.6883230365690638 0.12394819779829545 0.5023784116317666
0 0.3681871726296165 0.7182438542934063 0.11629594282670455 0.5430626791031634
0 0.5015024358575995 0.7144349937230512 0.11345042835582386 0.5513104298075692
0 0.5942330655184659 0.7277118495253266 0.10891934481534091 0.44061441890528946
0 0.9030211015181108 0.7085193988403987 0.13775373979048294 0.5649158081721738
0 0.44631505792791193 0.6675285797952955 0.0721173095703125 0.4654022383559597
0 0.8461269586736506 0.6660582328754696 0.10296481045809659 0.4884553502817623
0 0.6651698996803977 0.7028449428537504 0.06473466352982954 0.43172062941587686
0 0.11290636929598721 0.46832746495314637 0.05998687744140625 0.17460207079277665
0 0.2608612129905007 0.5465862503468665 0.05722233165394176 0.33054022450264686
0 0.16005543795498936 0.4536634142932996 0.04351314197887074 0.11632754633335468
0 0.41350838401100853 0.469848882956583 0.03845464533025568 0.13039410700563525
1 0.7956561001864346 0.49795719834624746 0.05495710893110795 0.09530489561987705
0 0.7369420276988636 0.696479192848414 0.12952170632102272 0.5515236359476392
0 0.06500197670676491 0.7079348954998079 0.13000395341352983 0.5787579479113303
0 0.1892469648881392 0.6883230365690638 0.12394819779829545 0.5023784116317666
0 0.3681871726296165 0.7182438542934063 0.11629594282670455 0.5430626791031634
0 0.5015024358575995 0.7144349937230512 0.11345042835582386 0.5513104298075692
0 0.5942330655184659 0.7277118495253266 0.10891934481534091 0.44061441890528946
0 0.9030211015181108 0.7085193988403987 0.13775373979048294 0.5649158081721738
0 0.44631505792791193 0.6675285797952955 0.0721173095703125 0.4654022383559597
0 0.8461269586736506 0.6660582328754696 0.10296481045809659 0.4884553502817623
0 0.6651698996803977 0.7028449428537504 0.06473466352982954 0.43172062941587686
0 0.11290636929598721 0.46832746495314637 0.05998687744140625 0.17460207079277665
0 0.2608612129905007 0.5465862503468665 0.05722233165394176 0.33054022450264686
0 0.16005543795498936 0.4536634142932996 0.04351314197887074 0.11632754633335468
0 0.41350838401100853 0.469848882956583 0.03845464533025568 0.13039410700563525
1 0.7956561001864346 0.49795719834624746 0.05495710893110795 0.09530489561987705
0 0.7369420276988636 0.696479192848414 0.12952170632102272 0.5515236359476392
0 0.06500197670676491 0.7079348954998079 0.13000395341352983 0.5787579479113303
0 0.1892469648881392 0.6883230365690638 0.12394819779829545 0.5023784116317666
0 0.3681871726296165 0.7182438542934063 0.11629594282670455 0.5430626791031634
0 0.5015024358575995 0.7144349937230512 0.11345042835582386 0.5513104298075692
0 0.5942330655184659 0.7277118495253266 0.10891934481534091 0.44061441890528946
0 0.9030211015181108 0.7085193988403987 0.13775373979048294 0.5649158081721738
0 0.44631505792791193 0.6675285797952955 0.0721173095703125 0.4654022383559597
0 0.8461269586736506 0.6660582328754696 0.10296481045809659 0.4884553502817623
0 0.6651698996803977 0.7028449428537504 0.06473466352982954 0.43172062941587686
0 0.11290636929598721 0.46832746495314637 0.05998687744140625 0.17460207079277665
0 0.2608612129905007 0.5465862503468665 0.05722233165394176 0.33054022450264686
0 0.16005543795498936 0.4536634142932996 0.04351314197887074 0.11632754633335468
0 0.41350838401100853 0.469848882956583 0.03845464533025568 0.13039410700563525
1 0.7956561001864346 0.49795719834624746 0.05495710893110795 0.09530489561987705
0 0.7369420276988636 0.696479192848414 0.12952170632102272 0.5515236359476392
0 0.06500197670676491 0.7079348954998079 0.13000395341352983 0.5787579479113303
0 0.1892469648881392 0.6883230365690638 0.12394819779829545 0.5023784116317666
0 0.3681871726296165 0.7182438542934063 0.11629594282670455 0.5430626791031634
0 0.5015024358575995 0.7144349937230512 0.11345042835582386 0.5513104298075692
0 0.5942330655184659 0.7277118495253266 0.10891934481534091 0.44061441890528946
0 0.9030211015181108 0.7085193988403987 0.13775373979048294 0.5649158081721738
0 0.44631505792791193 0.6675285797952955 0.0721173095703125 0.4654022383559597
0 0.8461269586736506 0.6660582328754696 0.10296481045809659 0.4884553502817623
0 0.6651698996803977 0.7028449428537504 0.06473466352982954 0.43172062941587686
0 0.11290636929598721 0.46832746495314637 0.05998687744140625 0.17460207079277665
0 0.2608612129905007 0.5465862503468665 0.05722233165394176 0.33054022450264686
0 0.16005543795498936 0.4536634142932996 0.04351314197887074 0.11632754633335468
0 0.41350838401100853 0.469848882956583 0.03845464533025568 0.13039410700563525
1 0.7956561001864346 0.49795719834624746 0.05495710893110795 0.09530489561987705
0 0.7369420276988636 0.696479192848414 0.12952170632102272 0.5515236359476392
0 0.06500197670676491 0.7079348954998079 0.13000395341352983 0.5787579479113303
0 0.1892469648881392 0.6883230365690638 0.12394819779829545 0.5023784116317666
0 0.3681871726296165 0.7182438542934063 0.11629594282670455 0.5430626791031634
0 0.5015024358575995 0.7144349937230512 0.11345042835582386 0.5513104298075692
0 0.5942330655184659 0.7277118495253266 0.10891934481534091 0.44061441890528946
0 0.9030211015181108 0.7085193988403987 0.13775373979048294 0.5649158081721738
0 0.44631505792791193 0.6675285797952955 0.0721173095703125 0.4654022383559597
0 0.8461269586736506 0.6660582328754696 0.10296481045809659 0.4884553502817623
0 0.6651698996803977 0.7028449428537504 0.06473466352982954 0.43172062941587686
0 0.11290636929598721 0.46832746495314637 0.05998687744140625 0.17460207079277665
0 0.2608612129905007 0.5465862503468665 0.05722233165394176 0.33054022450264686
0 0.16005543795498936 0.4536634142932996 0.04351314197887074 0.11632754633335468
0 0.41350838401100853 0.469848882956583 0.03845464533025568 0.13039410700563525
1 0.7956561001864346 0.49795719834624746 0.05495710893110795 0.09530489561987705
