0 0.9104044411399148 0.5565285396054794 0.172620849609375 0.4872411925936006
0 0.7013622492009943 0.5608320809452911 0.20124434037642044 0.49293701505400445
0 0.09896024010398172 0.5660590917034879 0.17240713986483489 0.4923541793406335
2 0.4849813704057173 0.400543296271986 0.08440315940163352 0.09067331116056182
2 0.7876197953657671 0.4189394341140497 0.08703213778409091 0.10185808692473532
0 0.39463950417258525 0.5413403120197233 0.13559770063920454 0.5444807876003245
0 0.19111318414861506 0.40932958634173283 0.023217079856178977 0.10382734621808828
0 0.22543854453346945 0.41187676184815786 0.021197884299538353 0.11258739200446123
2 0.5279074928977273 0.39160671129904157 0.03386075106534091 0.057673511609353655
2 0.8682083407315341 0.40979791860111425 0.055459206321022726 0.07328704667221653
2 0.9718954190340909 0.41553011618025315 0.05549960049715909 0.0900668368313482
0 0.36693281693892044 0.5414219215267995 0.1973678311434659 0.5450573280209401
2 0.5588410533558239 0.3849811032821572 0.031234019886363637 0.045252023498868685
0 0.9104044411399148 0.5565285396054794 0.172620849609375 0.4872411925936006
0 0.7013622492009943 0.5608320809452911 0.20124434037642044 0.49293701505400445
0 0.09896024010398172 0.5660590917034879 0.17240713986483489 0.4923541793406335
1 0.4849813704057173 0.400543296271986 0.08440315940163352 0.09067331116056182
1 0.7876197953657671 0.4189394341140497 0.08703213778409091 0.10185808692473532
0 0.39463950417258525 0.5413403120197233 0.13559770063920454 0.5444807876003245
0 0.19111318414861506 0.40932958634173283 0.023217079856178977 0.10382734621808828
0 0.22543854453346945 0.41187676184815786 0.021197884299538353 0.11258739200446123
1 0.5279074928977273 0.39160671129904157 0.03386075106534091 0.057673511609353655
1 0.8682083407315341 0.40979791860111425 0.055459206321022726 0.07328704667221653
1 0.9718954190340909 0.41553011618025315 0.05549960049715909 0.0900668368313482
0 0.36693281693892044 0.5414219215267995 0.1973678311434659 0.5450573280209401
1 0.5588410533558239 0.3849811032821572 0.031234019886363637 0.045252023498868685
0 0.9104044411399148 0.5565285396054794 0.172620849609375 0.4872411925936006
0 0.7013622492009943 0.5608320809452911 0.20124434037642044 0.49293701505400445
0 0.09896024010398172 0.5660590917034879 0.17240713986483489 0.4923541793406335
1 0.4849813704057173 0.400543296271986 0.08440315940163352 0.09067331116056182
1 0.7876197953657671 0.4189394341140497 0.08703213778409091 0.10185808692473532
0 0.39463950417258525 0.5413403120197233 0.13559770063920454 0.5444807876003245
0 0.19111318414861506 0.40932958634173283 0.023217079856178977 0.10382734621808828
0 0.22543854453346945 0.41187676184815786 0.021197884299538353 0.11258739200446123
1 0.5279074928977273 0.39160671129904157 0.03386075106534091 0.057673511609353655
1 0.8682083407315341 0.40979791860111425 0.055459206321022726 0.07328704667221653
1 0.9718954190340909 0.41553011618025315 0.05549960049715909 0.0900668368313482
0 0.36693281693892044 0.5414219215267995 0.1973678311434659 0.5450573280209401
1 0.5588410533558239 0.3849811032821572 0.031234019886363637 0.045252023498868685
0 0.9104044411399148 0.5565285396054794 0.172620849609375 0.4872411925936006
0 0.7013622492009943 0.5608320809452911 0.20124434037642044 0.49293701505400445
0 0.09896024010398172 0.5660590917034879 0.17240713986483489 0.4923541793406335
1 0.4849813704057173 0.400543296271986 0.08440315940163352 0.09067331116056182
1 0.7876197953657671 0.4189394341140497 0.08703213778409091 0.10185808692473532
0 0.39463950417258525 0.5413403120197233 0.13559770063920454 0.5444807876003245
0 0.19111318414861506 0.40932958634173283 0.023217079856178977 0.10382734621808828
0 0.22543854453346945 0.41187676184815786 0.021197884299538353 0.11258739200446123
1 0.5279074928977273 0.39160671129904157 0.03386075106534091 0.057673511609353655
1 0.8682083407315341 0.40979791860111425 0.055459206321022726 0.07328704667221653
1 0.9718954190340909 0.41553011618025315 0.05549960049715909 0.0900668368313482
0 0.36693281693892044 0.5414219215267995 0.1973678311434659 0.5450573280209401
1 0.5588410533558239 0.3849811032821572 0.031234019886363637 0.045252023498868685
0 0.9104044411399148 0.5565285396054794 0.172620849609375 0.4872411925936006
0 0.7013622492009943 0.5608320809452911 0.20124434037642044 0.49293701505400445
0 0.09896024010398172 0.5660590917034879 0.17240713986483489 0.4923541793406335
1 0.4849813704057173 0.400543296271986 0.08440315940163352 0.09067331116056182
1 0.7876197953657671 0.4189394341140497 0.08703213778409091 0.10185808692473532
0 0.39463950417258525 0.5413403120197233 0.13559770063920454 0.5444807876003245
0 0.19111318414861506 0.40932958634173283 0.023217079856178977 0.10382734621808828
0 0.22543854453346945 0.41187676184815786 0.021197884299538353 0.11258739200446123
1 0.5279074928977273 0.39160671129904157 0.03386075106534091 0.057673511609353655
1 0.8682083407315341 0.40979791860111425 0.055459206321022726 0.07328704667221653
1 0.9718954190340909 0.41553011618025315 0.05549960049715909 0.0900668368313482
0 0.36693281693892044 0.5414219215267995 0.1973678311434659 0.5450573280209401
1 0.5588410533558239 0.3849811032821572 0.031234019886363637 0.045252023498868685
0 0.9104044411399148 0.5565285396054794 0.172620849609375 0.4872411925936006
0 0.7013622492009943 0.5608320809452911 0.20124434037642044 0.49293701505400445
0 0.09896024010398172 0.5660590917034879 0.17240713986483489 0.4923541793406335
1 0.4849813704057173 0.400543296271986 0.08440315940163352 0.09067331116056182
1 0.7876197953657671 0.4189394341140497 0.08703213778409091 0.10185808692473532
0 0.39463950417258525 0.5413403120197233 0.13559770063920454 0.5444807876003245
0 0.19111318414861506 0.40932958634173283 0.023217079856178977 0.10382734621808828
0 0.22543854453346945 0.41187676184815786 0.021197884299538353 0.11258739200446123
1 0.5279074928977273 0.39160671129904157 0.03386075106534091 0.057673511609353655
1 0.8682083407315341 0.40979791860111425 0.055459206321022726 0.07328704667221653
1 0.9718954190340909 0.41553011618025315 0.05549960049715909 0.0900668368313482
0 0.36693281693892044 0.5414219215267995 0.1973678311434659 0.5450573280209401
1 0.5588410533558239 0.3849811032821572 0.031234019886363637 0.045252023498868685
0 0.9104044411399148 0.5565285396054794 0.172620849609375 0.4872411925936006
0 0.7013622492009943 0.5608320809452911 0.20124434037642044 0.49293701505400445
0 0.09896024010398172 0.5660590917034879 0.17240713986483489 0.4923541793406335
1 0.4849813704057173 0.400543296271986 0.08440315940163352 0.09067331116056182
1 0.7876197953657671 0.4189394341140497 0.08703213778409091 0.10185808692473532
0 0.39463950417258525 0.5413403120197233 0.13559770063920454 0.5444807876003245
0 0.19111318414861506 0.40932958634173283 0.023217079856178977 0.10382734621808828
0 0.22543854453346945 0.41187676184815786 0.021197884299538353 0.11258739200446123
1 0.5279074928977273 0.39160671129904157 0.03386075106534091 0.057673511609353655
1 0.8682083407315341 0.40979791860111425 0.055459206321022726 0.07328704667221653
1 0.9718954190340909 0.41553011618025315 0.05549960049715909 0.0900668368313482
0 0.36693281693892044 0.5414219215267995 0.1973678311434659 0.5450573280209401
1 0.5588410533558239 0.3849811032821572 0.031234019886363637 0.045252023498868685
0 0.9104044411399148 0.5565285396054794 0.172620849609375 0.4872411925936006
0 0.7013622492009943 0.5608320809452911 0.20124434037642044 0.49293701505400445
0 0.09896024010398172 0.5660590917034879 0.17240713986483489 0.4923541793406335
1 0.4849813704057173 0.400543296271986 0.08440315940163352 0.09067331116056182
1 0.7876197953657671 0.4189394341140497 0.08703213778409091 0.10185808692473532
0 0.39463950417258525 0.5413403120197233 0.13559770063920454 0.5444807876003245
0 0.19111318414861506 0.40932958634173283 0.023217079856178977 0.10382734621808828
0 0.22543854453346945 0.41187676184815786 0.021197884299538353 0.11258739200446123
1 0.5279074928977273 0.39160671129904157 0.03386075106534091 0.057673511609353655
1 0.8682083407315341 0.40979791860111425 0.055459206321022726 0.07328704667221653
1 0.9718954190340909 0.41553011618025315 0.05549960049715909 0.0900668368313482
0 0.36693281693892044 0.5414219215267995 0.1973678311434659 0.5450573280209401
1 0.5588410533558239 0.3849811032821572 0.031234019886363637 0.045252023498868685
0 0.9104044411399148 0.5565285396054794 0.172620849609375 0.4872411925936006
0 0.7013622492009943 0.5608320809452911 0.20124434037642044 0.49293701505400445
0 0.09896024010398172 0.5660590917034879 0.17240713986483489 0.4923541793406335
1 0.4849813704057173 0.400543296271986 0.08440315940163352 0.09067331116056182
1 0.7876197953657671 0.4189394341140497 0.08703213778409091 0.10185808692473532
0 0.39463950417258525 0.5413403120197233 0.13559770063920454 0.5444807876003245
0 0.19111318414861506 0.40932958634173283 0.023217079856178977 0.10382734621808828
0 0.22543854453346945 0.41187676184815786 0.021197884299538353 0.11258739200446123
1 0.5279074928977273 0.39160671129904157 0.03386075106534091 0.057673511609353655
1 0.8682083407315341 0.40979791860111425 0.055459206321022726 0.07328704667221653
1 0.9718954190340909 0.41553011618025315 0.05549960049715909 0.0900668368313482
0 0.36693281693892044 0.5414219215267995 0.1973678311434659 0.5450573280209401
1 0.5588410533558239 0.3849811032821572 0.031234019886363637 0.045252023498868685
0 0.9104044411399148 0.5565285396054794 0.172620849609375 0.4872411925936006
0 0.7013622492009943 0.5608320809452911 0.20124434037642044 0.49293701505400445
0 0.09896024010398172 0.5660590917034879 0.17240713986483489 0.4923541793406335
1 0.4849813704057173 0.400543296271986 0.08440315940163352 0.09067331116056182
1 0.7876197953657671 0.4189394341140497 0.08703213778409091 0.10185808692473532
0 0.39463950417258525 0.5413403120197233 0.13559770063920454 0.5444807876003245
0 0.19111318414861506 0.40932958634173283 0.023217079856178977 0.10382734621808828
0 0.22543854453346945 0.41187676184815786 0.021197884299538353 0.11258739200446123
1 0.5279074928977273 0.39160671129904157 0.03386075106534091 0.057673511609353655
1 0.8682083407315341 0.40979791860111425 0.055459206321022726 0.07328704667221653
1 0.9718954190340909 0.41553011618025315 0.05549960049715909 0.0900668368313482
0 0.36693281693892044 0.5414219215267995 0.1973678311434659 0.5450573280209401
1 0.5588410533558239 0.3849811032821572 0.031234019886363637 0.045252023498868685
