0 0.4564800262451172 0.4932273228963216 0.2867189025878906 0.8479377201625279
2 0.8656398264567057 0.5357255027407691 0.26800359090169273 0.20721435546875
0 0.6324984741210937 0.5226444743928456 0.02558746337890625 0.12302321479434059
2 0.29145820617675783 0.5081440380641392 0.04895848592122396 0.06866895584833055
0 0.6745462036132812 0.5255000704810733 0.03185821533203125 0.14698746090843565
0 0.6595840962727865 0.5204404422215053 0.02598378499348958 0.13981124332972936
2 0.17053243001302085 0.504847594669887 0.06551055908203125 0.09530653272356306
2 0.21501869201660156 0.5094133558727446 0.04322423299153646 0.06474240620930989
0 0.6079410298665364 0.5230544862293062 0.02338348388671875 0.10546766008649554
2 0.2110427220662435 0.4956429118201846 0.0326989491780599 0.03547109876360212
0 0.7075620269775391 0.5138162885393415 0.014682668050130208 0.0904927026657831
0 0.4564800262451172 0.4932273228963216 0.2867189025878906 0.8479377201625279
1 0.8656398264567057 0.5357255027407691 0.26800359090169273 0.20721435546875
0 0.6324984741210937 0.5226444743928456 0.02558746337890625 0.12302321479434059
1 0.29145820617675783 0.5081440380641392 0.04895848592122396 0.06866895584833055
0 0.6745462036132812 0.5255000704810733 0.03185821533203125 0.14698746090843565
0 0.6595840962727865 0.5204404422215053 0.02598378499348958 0.13981124332972936
1 0.17053243001302085 0.504847594669887 0.06551055908203125 0.09530653272356306
1 0.21501869201660156 0.5094133558727446 0.04322423299153646 0.06474240620930989
0 0.6079410298665364 0.5230544862293062 0.02338348388671875 0.10546766008649554
1 0.2110427220662435 0.4956429118201846 0.0326989491780599 0.03547109876360212
0 0.7075620269775391 0.5138162885393415 0.014682668050130208 0.0904927026657831
0 0.4564800262451172 0.4932273228963216 0.2867189025878906 0.8479377201625279
1 0.8656398264567057 0.5357255027407691 0.26800359090169273 0.20721435546875
0 0.6324984741210937 0.5226444743928456 0.02558746337890625 0.12302321479434059
1 0.29145820617675783 0.5081440380641392 0.04895848592122396 0.06866895584833055
0 0.6745462036132812 0.5255000704810733 0.03185821533203125 0.14698746090843565
0 0.6595840962727865 0.5204404422215053 0.02598378499348958 0.13981124332972936
1 0.17053243001302085 0.504847594669887 0.06551055908203125 0.09530653272356306
1 0.21501869201660156 0.5094133558727446 0.04322423299153646 0.06474240620930989
0 0.6079410298665364 0.5230544862293062 0.02338348388671875 0.10546766008649554
1 0.2110427220662435 0.4956429118201846 0.0326989491780599 0.03547109876360212
0 0.7075620269775391 0.5138162885393415 0.014682668050130208 0.0904927026657831
0 0.4564800262451172 0.4932273228963216 0.2867189025878906 0.8479377201625279
1 0.8656398264567057 0.5357255027407691 0.26800359090169273 0.20721435546875
0 0.6324984741210937 0.5226444743928456 0.02558746337890625 0.12302321479434059
1 0.29145820617675783 0.5081440380641392 0.04895848592122396 0.06866895584833055
0 0.6745462036132812 0.5255000704810733 0.03185821533203125 0.14698746090843565
0 0.6595840962727865 0.5204404422215053 0.02598378499348958 0.13981124332972936
1 0.17053243001302085 0.504847594669887 0.06551055908203125 0.09530653272356306
1 0.21501869201660156 0.5094133558727446 0.04322423299153646 0.06474240620930989
0 0.6079410298665364 0.5230544862293062 0.02338348388671875 0.10546766008649554
1 0.2110427220662435 0.4956429118201846 0.0326989491780599 0.03547109876360212
0 0.7075620269775391 0.5138162885393415 0.014682668050130208 0.0904927026657831
0 0.4564800262451172 0.4932273228963216 0.2867189025878906 0.8479377201625279
1 0.8656398264567057 0.5357255027407691 0.26800359090169273 0.20721435546875
0 0.6324984741210937 0.5226444743928456 0.02558746337890625 0.12302321479434059
1 0.29145820617675783 0.5081440380641392 0.04895848592122396 0.06866895584833055
0 0.6745462036132812 0.5255000704810733 0.03185821533203125 0.14698746090843565
0 0.6595840962727865 0.5204404422215053 0.02598378499348958 0.13981124332972936
1 0.17053243001302085 0.504847594669887 0.06551055908203125 0.09530653272356306
1 0.21501869201660156 0.5094133558727446 0.04322423299153646 0.06474240620930989
0 0.6079410298665364 0.5230544862293062 0.02338348388671875 0.10546766008649554
1 0.2110427220662435 0.4956429118201846 0.0326989491780599 0.03547109876360212
0 0.7075620269775391 0.5138162885393415 0.014682668050130208 0.0904927026657831
0 0.4564800262451172 0.4932273228963216 0.2867189025878906 0.8479377201625279
1 0.8656398264567057 0.5357255027407691 0.26800359090169273 0.20721435546875
0 0.6324984741210937 0.5226444743928456 0.02558746337890625 0.12302321479434059
1 0.29145820617675783 0.5081440380641392 0.04895848592122396 0.06866895584833055
0 0.6745462036132812 0.5255000704810733 0.03185821533203125 0.14698746090843565
0 0.6595840962727865 0.5204404422215053 0.02598378499348958 0.13981124332972936
1 0.17053243001302085 0.504847594669887 0.06551055908203125 0.09530653272356306
1 0.21501869201660156 0.5094133558727446 0.04322423299153646 0.06474240620930989
0 0.6079410298665364 0.5230544862293062 0.02338348388671875 0.10546766008649554
1 0.2110427220662435 0.4956429118201846 0.0326989491780599 0.03547109876360212
0 0.7075620269775391 0.5138162885393415 0.014682668050130208 0.0904927026657831
0 0.4564800262451172 0.4932273228963216 0.2867189025878906 0.8479377201625279
1 0.8656398264567057 0.5357255027407691 0.26800359090169273 0.20721435546875
0 0.6324984741210937 0.5226444743928456 0.02558746337890625 0.12302321479434059
1 0.29145820617675783 0.5081440380641392 0.04895848592122396 0.06866895584833055
0 0.6745462036132812 0.5255000704810733 0.03185821533203125 0.14698746090843565
0 0.6595840962727865 0.5204404422215053 0.02598378499348958 0.13981124332972936
1 0.17053243001302085 0.504847594669887 0.06551055908203125 0.09530653272356306
1 0.21501869201660156 0.5094133558727446 0.04322423299153646 0.06474240620930989
0 0.6079410298665364 0.5230544862293062 0.02338348388671875 0.10546766008649554
1 0.2110427220662435 0.4956429118201846 0.0326989491780599 0.03547109876360212
0 0.7075620269775391 0.5138162885393415 0.014682668050130208 0.0904927026657831
0 0.4564800262451172 0.4932273228963216 0.2867189025878906 0.8479377201625279
1 0.8656398264567057 0.5357255027407691 0.26800359090169273 0.20721435546875
0 0.6324984741210937 0.5226444743928456 0.02558746337890625 0.12302321479434059
1 0.29145820617675783 0.5081440380641392 0.04895848592122396 0.06866895584833055
0 0.6745462036132812 0.5255000704810733 0.03185821533203125 0.14698746090843565
0 0.6595840962727865 0.5204404422215053 0.02598378499348958 0.13981124332972936
1 0.17053243001302085 0.504847594669887 0.06551055908203125 0.09530653272356306
1 0.21501869201660156 0.5094133558727446 0.04322423299153646 0.06474240620930989
0 0.6079410298665364 0.5230544862293062 0.02338348388671875 0.10546766008649554
1 0.2110427220662435 0.4956429118201846 0.0326989491780599 0.03547109876360212
0 0.7075620269775391 0.5138162885393415 0.014682668050130208 0.0904927026657831
0 0.4564800262451172 0.4932273228963216 0.2867189025878906 0.8479377201625279
1 0.8656398264567057 0.5357255027407691 0.26800359090169273 0.20721435546875
0 0.6324984741210937 0.5226444743928456 0.02558746337890625 0.12302321479434059
1 0.29145820617675783 0.5081440380641392 0.04895848592122396 0.06866895584833055
0 0.6745462036132812 0.5255000704810733 0.03185821533203125 0.14698746090843565
0 0.6595840962727865 0.5204404422215053 0.02598378499348958 0.13981124332972936
1 0.17053243001302085 0.504847594669887 0.06551055908203125 0.09530653272356306
1 0.21501869201660156 0.5094133558727446 0.04322423299153646 0.06474240620930989
0 0.6079410298665364 0.5230544862293062 0.02338348388671875 0.10546766008649554
1 0.2110427220662435 0.4956429118201846 0.0326989491780599 0.03547109876360212
0 0.7075620269775391 0.5138162885393415 0.014682668050130208 0.0904927026657831
0 0.4564800262451172 0.4932273228963216 0.2867189025878906 0.8479377201625279
1 0.8656398264567057 0.5357255027407691 0.26800359090169273 0.20721435546875
0 0.6324984741210937 0.5226444743928456 0.02558746337890625 0.12302321479434059
1 0.29145820617675783 0.5081440380641392 0.04895848592122396 0.06866895584833055
0 0.6745462036132812 0.5255000704810733 0.03185821533203125 0.14698746090843565
0 0.6595840962727865 0.5204404422215053 0.02598378499348958 0.13981124332972936
1 0.17053243001302085 0.504847594669887 0.06551055908203125 0.09530653272356306
1 0.21501869201660156 0.5094133558727446 0.04322423299153646 0.06474240620930989
0 0.6079410298665364 0.5230544862293062 0.02338348388671875 0.10546766008649554
1 0.2110427220662435 0.4956429118201846 0.0326989491780599 0.03547109876360212
0 0.7075620269775391 0.5138162885393415 0.014682668050130208 0.0904927026657831
