0 0.4281320397233788 0.7968318358711575 0.1266145531511132 0.35088721565578296
0 0.2883976876954019 0.7932020270306132 0.11630678002214256 0.3708691804305367
2 0.4366970411587111 0.550369988317075 0.15311898591317535 0.20250913371210513
0 0.6072640611138536 0.778498359348463 0.09677900936140682 0.36354728367017664
2 0.808900882036258 0.38806736987570056 0.15750390356713598 0.1510937732198964
0 0.5327362228225876 0.7974812673485797 0.07902705713069483 0.34982337122378143
2 0.5010787907974187 0.4143072003903596 0.15970306955414376 0.09495457358982252
2 0.21738104069189274 0.48367651649143384 0.16232814020289607 0.2451866398686948
2 0.5807654412238152 0.5769713028617527 0.18614414760044642 0.24524887748386548
2 0.7023812877389538 0.3339912684067436 0.10187304150927198 0.13358163833618164
2 0.22559884179642786 0.16630077880361807 0.06499871054848472 0.0685037840967593
2 0.15239819676884803 0.40781211853027344 0.11822804601201208 0.1583317466404127
2 0.37351975772843693 0.24378867771314539 0.05264153672661973 0.07911877010179602
2 0.4304688142769503 0.3896301310995351 0.124785398825621 0.1620819672294285
0 0.1267879891308236 0.7663311543671981 0.0790677472348615 0.3649074305658755
2 0.6817548423459678 0.30845727091250214 0.10045196197845124 0.1261485141256581
2 0.33152501312367644 0.23639525537905487 0.056290147942064446 0.06826682712720789
2 0.4435856717846769 0.23583186709362527 0.10433292039584764 0.12947375878043796
2 0.6414585882054143 0.29205063114995544 0.08806858831272894 0.11958441526993462
0 0.30031728220509957 0.7878015974293584 0.08031505542797046 0.3606835655544115
7 0.2966527554578397 0.37216758728027344 0.19403280181325835 0.2313855212667714
2 0.5876830104506496 0.24079313485518747 0.04739474900912889 0.10783881726472275
2 0.5629329751262735 0.2346864886905836 0.08582677596654648 0.11033002189967943
2 0.16918458344735504 0.3261747982191003 0.10917491703243046 0.0704034307728643
2 0.3741076403048449 0.14178345514380414 0.05197495680588942 0.06480073928833008
0 0.4281320397233788 0.7968318358711575 0.1266145531511132 0.35088721565578296
0 0.2883976876954019 0.7932020270306132 0.11630678002214256 0.3708691804305367
1 0.4366970411587111 0.550369988317075 0.15311898591317535 0.20250913371210513
0 0.6072640611138536 0.778498359348463 0.09677900936140682 0.36354728367017664
1 0.808900882036258 0.38806736987570056 0.15750390356713598 0.1510937732198964
0 0.5327362228225876 0.7974812673485797 0.07902705713069483 0.34982337122378143
1 0.5010787907974187 0.4143072003903596 0.15970306955414376 0.09495457358982252
1 0.21738104069189274 0.48367651649143384 0.16232814020289607 0.2451866398686948
1 0.5807654412238152 0.5769713028617527 0.18614414760044642 0.24524887748386548
1 0.7023812877389538 0.3339912684067436 0.10187304150927198 0.13358163833618164
1 0.22559884179642786 0.16630077880361807 0.06499871054848472 0.0685037840967593
1 0.15239819676884803 0.40781211853027344 0.11822804601201208 0.1583317466404127
1 0.37351975772843693 0.24378867771314539 0.05264153672661973 0.07911877010179602
1 0.4304688142769503 0.3896301310995351 0.124785398825621 0.1620819672294285
0 0.1267879891308236 0.7663311543671981 0.0790677472348615 0.3649074305658755
1 0.6817548423459678 0.30845727091250214 0.10045196197845124 0.1261485141256581
1 0.33152501312367644 0.23639525537905487 0.056290147942064446 0.06826682712720789
1 0.4435856717846769 0.23583186709362527 0.10433292039584764 0.12947375878043796
1 0.6414585882054143 0.29205063114995544 0.08806858831272894 0.11958441526993462
0 0.30031728220509957 0.7878015974293584 0.08031505542797046 0.3606835655544115
3 0.2966527554578397 0.37216758728027344 0.19403280181325835 0.2313855212667714
1 0.5876830104506496 0.24079313485518747 0.04739474900912889 0.10783881726472275
1 0.5629329751262735 0.2346864886905836 0.08582677596654648 0.11033002189967943
1 0.16918458344735504 0.3261747982191003 0.10917491703243046 0.0704034307728643
1 0.3741076403048449 0.14178345514380414 0.05197495680588942 0.06480073928833008
0 0.4281320397233788 0.7968318358711575 0.1266145531511132 0.35088721565578296
0 0.2883976876954019 0.7932020270306132 0.11630678002214256 0.3708691804305367
1 0.4366970411587111 0.550369988317075 0.15311898591317535 0.20250913371210513
0 0.6072640611138536 0.778498359348463 0.09677900936140682 0.36354728367017664
1 0.808900882036258 0.38806736987570056 0.15750390356713598 0.1510937732198964
0 0.5327362228225876 0.7974812673485797 0.07902705713069483 0.34982337122378143
1 0.5010787907974187 0.4143072003903596 0.15970306955414376 0.09495457358982252
1 0.21738104069189274 0.48367651649143384 0.16232814020289607 0.2451866398686948
1 0.5807654412238152 0.5769713028617527 0.18614414760044642 0.24524887748386548
1 0.7023812877389538 0.3339912684067436 0.10187304150927198 0.13358163833618164
1 0.22559884179642786 0.16630077880361807 0.06499871054848472 0.0685037840967593
1 0.15239819676884803 0.40781211853027344 0.11822804601201208 0.1583317466404127
1 0.37351975772843693 0.24378867771314539 0.05264153672661973 0.07911877010179602
1 0.4304688142769503 0.3896301310995351 0.124785398825621 0.1620819672294285
0 0.1267879891308236 0.7663311543671981 0.0790677472348615 0.3649074305658755
1 0.6817548423459678 0.30845727091250214 0.10045196197845124 0.1261485141256581
1 0.33152501312367644 0.23639525537905487 0.056290147942064446 0.06826682712720789
1 0.4435856717846769 0.23583186709362527 0.10433292039584764 0.12947375878043796
1 0.6414585882054143 0.29205063114995544 0.08806858831272894 0.11958441526993462
0 0.30031728220509957 0.7878015974293584 0.08031505542797046 0.3606835655544115
3 0.2966527554578397 0.37216758728027344 0.19403280181325835 0.2313855212667714
1 0.5876830104506496 0.24079313485518747 0.04739474900912889 0.10783881726472275
1 0.5629329751262735 0.2346864886905836 0.08582677596654648 0.11033002189967943
1 0.16918458344735504 0.3261747982191003 0.10917491703243046 0.0704034307728643
1 0.3741076403048449 0.14178345514380414 0.05197495680588942 0.06480073928833008
0 0.4281320397233788 0.7968318358711575 0.1266145531511132 0.35088721565578296
0 0.2883976876954019 0.7932020270306132 0.11630678002214256 0.3708691804305367
1 0.4366970411587111 0.550369988317075 0.15311898591317535 0.20250913371210513
0 0.6072640611138536 0.778498359348463 0.09677900936140682 0.36354728367017664
1 0.808900882036258 0.38806736987570056 0.15750390356713598 0.1510937732198964
0 0.5327362228225876 0.7974812673485797 0.07902705713069483 0.34982337122378143
1 0.5010787907974187 0.4143072003903596 0.15970306955414376 0.09495457358982252
1 0.21738104069189274 0.48367651649143384 0.16232814020289607 0.2451866398686948
1 0.5807654412238152 0.5769713028617527 0.18614414760044642 0.24524887748386548
1 0.7023812877389538 0.3339912684067436 0.10187304150927198 0.13358163833618164
1 0.22559884179642786 0.16630077880361807 0.06499871054848472 0.0685037840967593
1 0.15239819676884803 0.40781211853027344 0.11822804601201208 0.1583317466404127
1 0.37351975772843693 0.24378867771314539 0.05264153672661973 0.07911877010179602
1 0.4304688142769503 0.3896301310995351 0.124785398825621 0.1620819672294285
0 0.1267879891308236 0.7663311543671981 0.0790677472348615 0.3649074305658755
1 0.6817548423459678 0.30845727091250214 0.10045196197845124 0.1261485141256581
1 0.33152501312367644 0.23639525537905487 0.056290147942064446 0.06826682712720789
1 0.4435856717846769 0.23583186709362527 0.10433292039584764 0.12947375878043796
1 0.6414585882054143 0.29205063114995544 0.08806858831272894 0.11958441526993462
0 0.30031728220509957 0.7878015974293584 0.08031505542797046 0.3606835655544115
3 0.2966527554578397 0.37216758728027344 0.19403280181325835 0.2313855212667714
1 0.5876830104506496 0.24079313485518747 0.04739474900912889 0.10783881726472275
1 0.5629329751262735 0.2346864886905836 0.08582677596654648 0.11033002189967943
1 0.16918458344735504 0.3261747982191003 0.10917491703243046 0.0704034307728643
1 0.3741076403048449 0.14178345514380414 0.05197495680588942 0.06480073928833008
0 0.4281320397233788 0.7968318358711575 0.1266145531511132 0.35088721565578296
0 0.2883976876954019 0.7932020270306132 0.11630678002214256 0.3708691804305367
1 0.4366970411587111 0.550369988317075 0.15311898591317535 0.20250913371210513
0 0.6072640611138536 0.778498359348463 0.09677900936140682 0.36354728367017664
1 0.808900882036258 0.38806736987570056 0.15750390356713598 0.1510937732198964
0 0.5327362228225876 0.7974812673485797 0.07902705713069483 0.34982337122378143
1 0.5010787907974187 0.4143072003903596 0.15970306955414376 0.09495457358982252
1 0.21738104069189274 0.48367651649143384 0.16232814020289607 0.2451866398686948
1 0.5807654412238152 0.5769713028617527 0.18614414760044642 0.24524887748386548
1 0.7023812877389538 0.3339912684067436 0.10187304150927198 0.13358163833618164
1 0.22559884179642786 0.16630077880361807 0.06499871054848472 0.0685037840967593
1 0.15239819676884803 0.40781211853027344 0.11822804601201208 0.1583317466404127
1 0.37351975772843693 0.24378867771314539 0.05264153672661973 0.07911877010179602
1 0.4304688142769503 0.3896301310995351 0.124785398825621 0.1620819672294285
0 0.1267879891308236 0.7663311543671981 0.0790677472348615 0.3649074305658755
1 0.6817548423459678 0.30845727091250214 0.10045196197845124 0.1261485141256581
1 0.33152501312367644 0.23639525537905487 0.056290147942064446 0.06826682712720789
1 0.4435856717846769 0.23583186709362527 0.10433292039584764 0.12947375878043796
1 0.6414585882054143 0.29205063114995544 0.08806858831272894 0.11958441526993462
0 0.30031728220509957 0.7878015974293584 0.08031505542797046 0.3606835655544115
3 0.2966527554578397 0.37216758728027344 0.19403280181325835 0.2313855212667714
1 0.5876830104506496 0.24079313485518747 0.04739474900912889 0.10783881726472275
1 0.5629329751262735 0.2346864886905836 0.08582677596654648 0.11033002189967943
1 0.16918458344735504 0.3261747982191003 0.10917491703243046 0.0704034307728643
1 0.3741076403048449 0.14178345514380414 0.05197495680588942 0.06480073928833008
0 0.4281320397233788 0.7968318358711575 0.1266145531511132 0.35088721565578296
0 0.2883976876954019 0.7932020270306132 0.11630678002214256 0.3708691804305367
1 0.4366970411587111 0.550369988317075 0.15311898591317535 0.20250913371210513
0 0.6072640611138536 0.778498359348463 0.09677900936140682 0.36354728367017664
1 0.808900882036258 0.38806736987570056 0.15750390356713598 0.1510937732198964
0 0.5327362228225876 0.7974812673485797 0.07902705713069483 0.34982337122378143
1 0.5010787907974187 0.4143072003903596 0.15970306955414376 0.09495457358982252
1 0.21738104069189274 0.48367651649143384 0.16232814020289607 0.2451866398686948
1 0.5807654412238152 0.5769713028617527 0.18614414760044642 0.24524887748386548
1 0.7023812877389538 0.3339912684067436 0.10187304150927198 0.13358163833618164
1 0.22559884179642786 0.16630077880361807 0.06499871054848472 0.0685037840967593
1 0.15239819676884803 0.40781211853027344 0.11822804601201208 0.1583317466404127
1 0.37351975772843693 0.24378867771314539 0.05264153672661973 0.07911877010179602
1 0.4304688142769503 0.3896301310995351 0.124785398825621 0.1620819672294285
0 0.1267879891308236 0.7663311543671981 0.0790677472348615 0.3649074305658755
1 0.6817548423459678 0.30845727091250214 0.10045196197845124 0.1261485141256581
1 0.33152501312367644 0.23639525537905487 0.056290147942064446 0.06826682712720789
1 0.4435856717846769 0.23583186709362527 0.10433292039584764 0.12947375878043796
1 0.6414585882054143 0.29205063114995544 0.08806858831272894 0.11958441526993462
0 0.30031728220509957 0.7878015974293584 0.08031505542797046 0.3606835655544115
3 0.2966527554578397 0.37216758728027344 0.19403280181325835 0.2313855212667714
1 0.5876830104506496 0.24079313485518747 0.04739474900912889 0.10783881726472275
1 0.5629329751262735 0.2346864886905836 0.08582677596654648 0.11033002189967943
1 0.16918458344735504 0.3261747982191003 0.10917491703243046 0.0704034307728643
1 0.3741076403048449 0.14178345514380414 0.05197495680588942 0.06480073928833008
0 0.4281320397233788 0.7968318358711575 0.1266145531511132 0.35088721565578296
0 0.2883976876954019 0.7932020270306132 0.11630678002214256 0.3708691804305367
1 0.4366970411587111 0.550369988317075 0.15311898591317535 0.20250913371210513
0 0.6072640611138536 0.778498359348463 0.09677900936140682 0.36354728367017664
1 0.808900882036258 0.38806736987570056 0.15750390356713598 0.1510937732198964
0 0.5327362228225876 0.7974812673485797 0.07902705713069483 0.34982337122378143
1 0.5010787907974187 0.4143072003903596 0.15970306955414376 0.09495457358982252
1 0.21738104069189274 0.48367651649143384 0.16232814020289607 0.2451866398686948
1 0.5807654412238152 0.5769713028617527 0.18614414760044642 0.24524887748386548
1 0.7023812877389538 0.3339912684067436 0.10187304150927198 0.13358163833618164
1 0.22559884179642786 0.16630077880361807 0.06499871054848472 0.0685037840967593
1 0.15239819676884803 0.40781211853027344 0.11822804601201208 0.1583317466404127
1 0.37351975772843693 0.24378867771314539 0.05264153672661973 0.07911877010179602
1 0.4304688142769503 0.3896301310995351 0.124785398825621 0.1620819672294285
0 0.1267879891308236 0.7663311543671981 0.0790677472348615 0.3649074305658755
1 0.6817548423459678 0.30845727091250214 0.10045196197845124 0.1261485141256581
1 0.33152501312367644 0.23639525537905487 0.056290147942064446 0.06826682712720789
1 0.4435856717846769 0.23583186709362527 0.10433292039584764 0.12947375878043796
1 0.6414585882054143 0.29205063114995544 0.08806858831272894 0.11958441526993462
0 0.30031728220509957 0.7878015974293584 0.08031505542797046 0.3606835655544115
3 0.2966527554578397 0.37216758728027344 0.19403280181325835 0.2313855212667714
1 0.5876830104506496 0.24079313485518747 0.04739474900912889 0.10783881726472275
1 0.5629329751262735 0.2346864886905836 0.08582677596654648 0.11033002189967943
1 0.16918458344735504 0.3261747982191003 0.10917491703243046 0.0704034307728643
1 0.3741076403048449 0.14178345514380414 0.05197495680588942 0.06480073928833008
0 0.4281320397233788 0.7968318358711575 0.1266145531511132 0.35088721565578296
0 0.2883976876954019 0.7932020270306132 0.11630678002214256 0.3708691804305367
1 0.4366970411587111 0.550369988317075 0.15311898591317535 0.20250913371210513
0 0.6072640611138536 0.778498359348463 0.09677900936140682 0.36354728367017664
1 0.808900882036258 0.38806736987570056 0.15750390356713598 0.1510937732198964
0 0.5327362228225876 0.7974812673485797 0.07902705713069483 0.34982337122378143
1 0.5010787907974187 0.4143072003903596 0.15970306955414376 0.09495457358982252
1 0.21738104069189274 0.48367651649143384 0.16232814020289607 0.2451866398686948
1 0.5807654412238152 0.5769713028617527 0.18614414760044642 0.24524887748386548
1 0.7023812877389538 0.3339912684067436 0.10187304150927198 0.13358163833618164
1 0.22559884179642786 0.16630077880361807 0.06499871054848472 0.0685037840967593
1 0.15239819676884803 0.40781211853027344 0.11822804601201208 0.1583317466404127
1 0.37351975772843693 0.24378867771314539 0.05264153672661973 0.07911877010179602
1 0.4304688142769503 0.3896301310995351 0.124785398825621 0.1620819672294285
0 0.1267879891308236 0.7663311543671981 0.0790677472348615 0.3649074305658755
1 0.6817548423459678 0.30845727091250214 0.10045196197845124 0.1261485141256581
1 0.33152501312367644 0.23639525537905487 0.056290147942064446 0.06826682712720789
1 0.4435856717846769 0.23583186709362527 0.10433292039584764 0.12947375878043796
1 0.6414585882054143 0.29205063114995544 0.08806858831272894 0.11958441526993462
0 0.30031728220509957 0.7878015974293584 0.08031505542797046 0.3606835655544115
3 0.2966527554578397 0.37216758728027344 0.19403280181325835 0.2313855212667714
1 0.5876830104506496 0.24079313485518747 0.04739474900912889 0.10783881726472275
1 0.5629329751262735 0.2346864886905836 0.08582677596654648 0.11033002189967943
1 0.16918458344735504 0.3261747982191003 0.10917491703243046 0.0704034307728643
1 0.3741076403048449 0.14178345514380414 0.05197495680588942 0.06480073928833008
0 0.4281320397233788 0.7968318358711575 0.1266145531511132 0.35088721565578296
0 0.2883976876954019 0.7932020270306132 0.11630678002214256 0.3708691804305367
1 0.4366970411587111 0.550369988317075 0.15311898591317535 0.20250913371210513
0 0.6072640611138536 0.778498359348463 0.09677900936140682 0.36354728367017664
1 0.808900882036258 0.38806736987570056 0.15750390356713598 0.1510937732198964
0 0.5327362228225876 0.7974812673485797 0.07902705713069483 0.34982337122378143
1 0.5010787907974187 0.4143072003903596 0.15970306955414376 0.09495457358982252
1 0.21738104069189274 0.48367651649143384 0.16232814020289607 0.2451866398686948
1 0.5807654412238152 0.5769713028617527 0.18614414760044642 0.24524887748386548
1 0.7023812877389538 0.3339912684067436 0.10187304150927198 0.13358163833618164
1 0.22559884179642786 0.16630077880361807 0.06499871054848472 0.0685037840967593
1 0.15239819676884803 0.40781211853027344 0.11822804601201208 0.1583317466404127
1 0.37351975772843693 0.24378867771314539 0.05264153672661973 0.07911877010179602
1 0.4304688142769503 0.3896301310995351 0.124785398825621 0.1620819672294285
0 0.1267879891308236 0.7663311543671981 0.0790677472348615 0.3649074305658755
1 0.6817548423459678 0.30845727091250214 0.10045196197845124 0.1261485141256581
1 0.33152501312367644 0.23639525537905487 0.056290147942064446 0.06826682712720789
1 0.4435856717846769 0.23583186709362527 0.10433292039584764 0.12947375878043796
1 0.6414585882054143 0.29205063114995544 0.08806858831272894 0.11958441526993462
0 0.30031728220509957 0.7878015974293584 0.08031505542797046 0.3606835655544115
3 0.2966527554578397 0.37216758728027344 0.19403280181325835 0.2313855212667714
1 0.5876830104506496 0.24079313485518747 0.04739474900912889 0.10783881726472275
1 0.5629329751262735 0.2346864886905836 0.08582677596654648 0.11033002189967943
1 0.16918458344735504 0.3261747982191003 0.10917491703243046 0.0704034307728643
1 0.3741076403048449 0.14178345514380414 0.05197495680588942 0.06480073928833008
0 0.4281320397233788 0.7968318358711575 0.1266145531511132 0.35088721565578296
0 0.2883976876954019 0.7932020270306132 0.11630678002214256 0.3708691804305367
1 0.4366970411587111 0.550369988317075 0.15311898591317535 0.20250913371210513
0 0.6072640611138536 0.778498359348463 0.09677900936140682 0.36354728367017664
1 0.808900882036258 0.38806736987570056 0.15750390356713598 0.1510937732198964
0 0.5327362228225876 0.7974812673485797 0.07902705713069483 0.34982337122378143
1 0.5010787907974187 0.4143072003903596 0.15970306955414376 0.09495457358982252
1 0.21738104069189274 0.48367651649143384 0.16232814020289607 0.2451866398686948
1 0.5807654412238152 0.5769713028617527 0.18614414760044642 0.24524887748386548
1 0.7023812877389538 0.3339912684067436 0.10187304150927198 0.13358163833618164
1 0.22559884179642786 0.16630077880361807 0.06499871054848472 0.0685037840967593
1 0.15239819676884803 0.40781211853027344 0.11822804601201208 0.1583317466404127
1 0.37351975772843693 0.24378867771314539 0.05264153672661973 0.07911877010179602
1 0.4304688142769503 0.3896301310995351 0.124785398825621 0.1620819672294285
0 0.1267879891308236 0.7663311543671981 0.0790677472348615 0.3649074305658755
1 0.6817548423459678 0.30845727091250214 0.10045196197845124 0.1261485141256581
1 0.33152501312367644 0.23639525537905487 0.056290147942064446 0.06826682712720789
1 0.4435856717846769 0.23583186709362527 0.10433292039584764 0.12947375878043796
1 0.6414585882054143 0.29205063114995544 0.08806858831272894 0.11958441526993462
0 0.30031728220509957 0.7878015974293584 0.08031505542797046 0.3606835655544115
3 0.2966527554578397 0.37216758728027344 0.19403280181325835 0.2313855212667714
1 0.5876830104506496 0.24079313485518747 0.04739474900912889 0.10783881726472275
1 0.5629329751262735 0.2346864886905836 0.08582677596654648 0.11033002189967943
1 0.16918458344735504 0.3261747982191003 0.10917491703243046 0.0704034307728643
1 0.3741076403048449 0.14178345514380414 0.05197495680588942 0.06480073928833008
