0 0.3691374680091595 0.53215731487373 0.16716541275667504 0.5363301291984598
0 0.09296878361610617 0.547849773742992 0.13396081157114315 0.5094406246521312
0 0.5474762021353419 0.575172612086479 0.1565036700603149 0.5697231984509088
0 0.7418890182085878 0.5554101973617632 0.10133467049434267 0.4320145839236561
0 0.9085026006588991 0.5302852176014006 0.09817697810030532 0.46374337784366904
0 0.2534905064608402 0.5734045987302158 0.1036350352554029 0.4481913907540277
0 0.9726260831986351 0.5594762396935972 0.054220966909123564 0.46109576052334644
0 0.6714482216085967 0.5704084999203064 0.11531879527358717 0.46660740511405036
0 0.8180361049842104 0.5552466397458408 0.08164194625912954 0.3799341626735549
0 0.3691374680091595 0.53215731487373 0.16716541275667504 0.5363301291984598
0 0.09296878361610617 0.547849773742992 0.13396081157114315 0.5094406246521312
0 0.5474762021353419 0.575172612086479 0.1565036700603149 0.5697231984509088
0 0.7418890182085878 0.5554101973617632 0.10133467049434267 0.4320145839236561
0 0.9085026006588991 0.5302852176014006 0.09817697810030532 0.46374337784366904
0 0.2534905064608402 0.5734045987302158 0.1036350352554029 0.4481913907540277
0 0.9726260831986351 0.5594762396935972 0.054220966909123564 0.46109576052334644
0 0.6714482216085967 0.5704084999203064 0.11531879527358717 0.46660740511405036
0 0.8180361049842104 0.5552466397458408 0.08164194625912954 0.3799341626735549
0 0.3691374680091595 0.53215731487373 0.16716541275667504 0.5363301291984598
0 0.09296878361610617 0.547849773742992 0.13396081157114315 0.5094406246521312
0 0.5474762021353419 0.575172612086479 0.1565036700603149 0.5697231984509088
0 0.7418890182085878 0.5554101973617632 0.10133467049434267 0.4320145839236561
0 0.9085026006588991 0.5302852176014006 0.09817697810030532 0.46374337784366904
0 0.2534905064608402 0.5734045987302158 0.1036350352554029 0.4481913907540277
0 0.9726260831986351 0.5594762396935972 0.054220966909123564 0.46109576052334644
0 0.6714482216085967 0.5704084999203064 0.11531879527358717 0.46660740511405036
0 0.8180361049842104 0.5552466397458408 0.08164194625912954 0.3799341626735549
0 0.3691374680091595 0.53215731487373 0.16716541275667504 0.5363301291984598
0 0.09296878361610617 0.547849773742992 0.13396081157114315 0.5094406246521312
0 0.5474762021353419 0.575172612086479 0.1565036700603149 0.5697231984509088
0 0.7418890182085878 0.5554101973617632 0.10133467049434267 0.4320145839236561
0 0.9085026006588991 0.5302852176014006 0.09817697810030532 0.46374337784366904
0 0.2534905064608402 0.5734045987302158 0.1036350352554029 0.4481913907540277
0 0.9726260831986351 0.5594762396935972 0.054220966909123564 0.46109576052334644
0 0.6714482216085967 0.5704084999203064 0.11531879527358717 0.46660740511405036
0 0.8180361049842104 0.5552466397458408 0.08164194625912954 0.3799341626735549
0 0.3691374680091595 0.53215731487373 0.16716541275667504 0.5363301291984598
0 0.09296878361610617 0.547849773742992 0.13396081157114315 0.5094406246521312
0 0.5474762021353419 0.575172612086479 0.1565036700603149 0.5697231984509088
0 0.7418890182085878 0.5554101973617632 0.10133467049434267 0.4320145839236561
0 0.9085026006588991 0.5302852176014006 0.09817697810030532 0.46374337784366904
0 0.2534905064608402 0.5734045987302158 0.1036350352554029 0.4481913907540277
0 0.9726260831986351 0.5594762396935972 0.054220966909123564 0.46109576052334644
0 0.6714482216085967 0.5704084999203064 0.11531879527358717 0.46660740511405036
0 0.8180361049842104 0.5552466397458408 0.08164194625912954 0.3799341626735549
0 0.3691374680091595 0.53215731487373 0.16716541275667504 0.5363301291984598
0 0.09296878361610617 0.547849773742992 0.13396081157114315 0.5094406246521312
0 0.5474762021353419 0.575172612086479 0.1565036700603149 0.5697231984509088
0 0.7418890182085878 0.5554101973617632 0.10133467049434267 0.4320145839236561
0 0.9085026006588991 0.5302852176014006 0.09817697810030532 0.46374337784366904
0 0.2534905064608402 0.5734045987302158 0.1036350352554029 0.4481913907540277
0 0.9726260831986351 0.5594762396935972 0.054220966909123564 0.46109576052334644
0 0.6714482216085967 0.5704084999203064 0.11531879527358717 0.46660740511405036
0 0.8180361049842104 0.5552466397458408 0.08164194625912954 0.3799341626735549
0 0.3691374680091595 0.53215731487373 0.16716541275667504 0.5363301291984598
0 0.09296878361610617 0.547849773742992 0.13396081157114315 0.5094406246521312
0 0.5474762021353419 0.575172612086479 0.1565036700603149 0.5697231984509088
0 0.7418890182085878 0.5554101973617632 0.10133467049434267 0.4320145839236561
0 0.9085026006588991 0.5302852176014006 0.09817697810030532 0.46374337784366904
0 0.2534905064608402 0.5734045987302158 0.1036350352554029 0.4481913907540277
0 0.9726260831986351 0.5594762396935972 0.054220966909123564 0.46109576052334644
0 0.6714482216085967 0.5704084999203064 0.11531879527358717 0.46660740511405036
0 0.8180361049842104 0.5552466397458408 0.08164194625912954 0.3799341626735549
0 0.3691374680091595 0.53215731487373 0.16716541275667504 0.5363301291984598
0 0.09296878361610617 0.547849773742992 0.13396081157114315 0.5094406246521312
0 0.5474762021353419 0.575172612086479 0.1565036700603149 0.5697231984509088
0 0.7418890182085878 0.5554101973617632 0.10133467049434267 0.4320145839236561
0 0.9085026006588991 0.5302852176014006 0.09817697810030532 0.46374337784366904
0 0.2534905064608402 0.5734045987302158 0.1036350352554029 0.4481913907540277
0 0.9726260831986351 0.5594762396935972 0.054220966909123564 0.46109576052334644
0 0.6714482216085967 0.5704084999203064 0.11531879527358717 0.46660740511405036
0 0.8180361049842104 0.5552466397458408 0.08164194625912954 0.3799341626735549
0 0.3691374680091595 0.53215731487373 0.16716541275667504 0.5363301291984598
0 0.09296878361610617 0.547849773742992 0.13396081157114315 0.5094406246521312
0 0.5474762021353419 0.575172612086479 0.1565036700603149 0.5697231984509088
0 0.7418890182085878 0.5554101973617632 0.10133467049434267 0.4320145839236561
0 0.9085026006588991 0.5302852176014006 0.09817697810030532 0.46374337784366904
0 0.2534905064608402 0.5734045987302158 0.1036350352554029 0.4481913907540277
0 0.9726260831986351 0.5594762396935972 0.054220966909123564 0.46109576052334644
0 0.6714482216085967 0.5704084999203064 0.11531879527358717 0.46660740511405036
0 0.8180361049842104 0.5552466397458408 0.08164194625912954 0.3799341626735549
0 0.3691374680091595 0.53215731487373 0.16716541275667504 0.5363301291984598
0 0.09296878361610617 0.547849773742992 0.13396081157114315 0.5094406246521312
0 0.5474762021353419 0.575172612086479 0.1565036700603149 0.5697231984509088
0 0.7418890182085878 0.5554101973617632 0.10133467049434267 0.4320145839236561
0 0.9085026006588991 0.5302852176014006 0.09817697810030532 0.46374337784366904
0 0.2534905064608402 0.5734045987302158 0.1036350352554029 0.4481913907540277
0 0.9726260831986351 0.5594762396935972 0.054220966909123564 0.46109576052334644
0 0.6714482216085967 0.5704084999203064 0.11531879527358717 0.46660740511405036
0 0.8180361049842104 0.5552466397458408 0.08164194625912954 0.3799341626735549
