0 0.6571615323153409 0.547420387059613 0.15542791193181818 0.48903703950141947
7 0.4289198164506392 0.33916946577895535 0.3000323486328125 0.4259387990816043
7 0.05794909878210588 0.3762188895803983 0.1155809339610013 0.2159244141292051
2 0.18948204387318004 0.45684817579926035 0.2223372927579013 0.23530180467282488
2 0.023021809594197706 0.43783671478104724 0.045919444831934844 0.1711792242331583
2 0.05815687363797968 0.377697751821716 0.11590617071498524 0.22270738361963158
2 0.749771728515625 0.34604893877206605 0.030650523792613637 0.03787800523101306
2 0.259833720814098 0.37688116688545936 0.05883120450106534 0.09413588893869536
2 0.016235425824468786 0.4451953908784793 0.03239577959884297 0.15423859142866292
0 0.6571615323153409 0.547420387059613 0.15542791193181818 0.48903703950141947
3 0.4289198164506392 0.33916946577895535 0.3000323486328125 0.4259387990816043
3 0.05794909878210588 0.3762188895803983 0.1155809339610013 0.2159244141292051
1 0.18948204387318004 0.45684817579926035 0.2223372927579013 0.23530180467282488
1 0.023021809594197706 0.43783671478104724 0.045919444831934844 0.1711792242331583
1 0.05815687363797968 0.377697751821716 0.11590617071498524 0.22270738361963158
1 0.749771728515625 0.34604893877206605 0.030650523792613637 0.03787800523101306
1 0.259833720814098 0.37688116688545936 0.05883120450106534 0.09413588893869536
1 0.016235425824468786 0.4451953908784793 0.03239577959884297 0.15423859142866292
0 0.6571615323153409 0.547420387059613 0.15542791193181818 0.48903703950141947
3 0.4289198164506392 0.33916946577895535 0.3000323486328125 0.4259387990816043
3 0.05794909878210588 0.3762188895803983 0.1155809339610013 0.2159244141292051
1 0.18948204387318004 0.45684817579926035 0.2223372927579013 0.23530180467282488
1 0.023021809594197706 0.43783671478104724 0.045919444831934844 0.1711792242331583
1 0.05815687363797968 0.377697751821716 0.11590617071498524 0.22270738361963158
1 0.749771728515625 0.34604893877206605 0.030650523792613637 0.03787800523101306
1 0.259833720814098 0.37688116688545936 0.05883120450106534 0.09413588893869536
1 0.016235425824468786 0.4451953908784793 0.03239577959884297 0.15423859142866292
0 0.6571615323153409 0.547420387059613 0.15542791193181818 0.48903703950141947
3 0.4289198164506392 0.33916946577895535 0.3000323486328125 0.4259387990816043
3 0.05794909878210588 0.3762188895803983 0.1155809339610013 0.2159244141292051
1 0.18948204387318004 0.45684817579926035 0.2223372927579013 0.23530180467282488
1 0.023021809594197706 0.43783671478104724 0.045919444831934844 0.1711792242331583
1 0.05815687363797968 0.377697751821716 0.11590617071498524 0.22270738361963158
1 0.749771728515625 0.34604893877206605 0.030650523792613637 0.03787800523101306
1 0.259833720814098 0.37688116688545936 0.05883120450106534 0.09413588893869536
1 0.016235425824468786 0.4451953908784793 0.03239577959884297 0.15423859142866292
0 0.6571615323153409 0.547420387059613 0.15542791193181818 0.48903703950141947
3 0.4289198164506392 0.33916946577895535 0.3000323486328125 0.4259387990816043
3 0.05794909878210588 0.3762188895803983 0.1155809339610013 0.2159244141292051
1 0.18948204387318004 0.45684817579926035 0.2223372927579013 0.23530180467282488
1 0.023021809594197706 0.43783671478104724 0.045919444831934844 0.1711792242331583
1 0.05815687363797968 0.377697751821716 0.11590617071498524 0.22270738361963158
1 0.749771728515625 0.34604893877206605 0.030650523792613637 0.03787800523101306
1 0.259833720814098 0.37688116688545936 0.05883120450106534 0.09413588893869536
1 0.016235425824468786 0.4451953908784793 0.03239577959884297 0.15423859142866292
0 0.6571615323153409 0.547420387059613 0.15542791193181818 0.48903703950141947
3 0.4289198164506392 0.33916946577895535 0.3000323486328125 0.4259387990816043
3 0.05794909878210588 0.3762188895803983 0.1155809339610013 0.2159244141292051
1 0.18948204387318004 0.45684817579926035 0.2223372927579013 0.23530180467282488
1 0.023021809594197706 0.43783671478104724 0.045919444831934844 0.1711792242331583
1 0.05815687363797968 0.377697751821716 0.11590617071498524 0.22270738361963158
1 0.749771728515625 0.34604893877206605 0.030650523792613637 0.03787800523101306
1 0.259833720814098 0.37688116688545936 0.05883120450106534 0.09413588893869536
1 0.016235425824468786 0.4451953908784793 0.03239577959884297 0.15423859142866292
0 0.6571615323153409 0.547420387059613 0.15542791193181818 0.48903703950141947
3 0.4289198164506392 0.33916946577895535 0.3000323486328125 0.4259387990816043
3 0.05794909878210588 0.3762188895803983 0.1155809339610013 0.2159244141292051
1 0.18948204387318004 0.45684817579926035 0.2223372927579013 0.23530180467282488
1 0.023021809594197706 0.43783671478104724 0.045919444831934844 0.1711792242331583
1 0.05815687363797968 0.377697751821716 0.11590617071498524 0.22270738361963158
1 0.749771728515625 0.34604893877206605 0.030650523792613637 0.03787800523101306
1 0.259833720814098 0.37688116688545936 0.05883120450106534 0.09413588893869536
1 0.016235425824468786 0.4451953908784793 0.03239577959884297 0.15423859142866292
0 0.6571615323153409 0.547420387059613 0.15542791193181818 0.48903703950141947
3 0.4289198164506392 0.33916946577895535 0.3000323486328125 0.4259387990816043
3 0.05794909878210588 0.3762188895803983 0.1155809339610013 0.2159244141292051
1 0.18948204387318004 0.45684817579926035 0.2223372927579013 0.23530180467282488
1 0.023021809594197706 0.43783671478104724 0.045919444831934844 0.1711792242331583
1 0.05815687363797968 0.377697751821716 0.11590617071498524 0.22270738361963158
1 0.749771728515625 0.34604893877206605 0.030650523792613637 0.03787800523101306
1 0.259833720814098 0.37688116688545936 0.05883120450106534 0.09413588893869536
1 0.016235425824468786 0.4451953908784793 0.03239577959884297 0.15423859142866292
0 0.6571615323153409 0.547420387059613 0.15542791193181818 0.48903703950141947
3 0.4289198164506392 0.33916946577895535 0.3000323486328125 0.4259387990816043
3 0.05794909878210588 0.3762188895803983 0.1155809339610013 0.2159244141292051
1 0.18948204387318004 0.45684817579926035 0.2223372927579013 0.23530180467282488
1 0.023021809594197706 0.43783671478104724 0.045919444831934844 0.1711792242331583
1 0.05815687363797968 0.377697751821716 0.11590617071498524 0.22270738361963158
1 0.749771728515625 0.34604893877206605 0.030650523792613637 0.03787800523101306
1 0.259833720814098 0.37688116688545936 0.05883120450106534 0.09413588893869536
1 0.016235425824468786 0.4451953908784793 0.03239577959884297 0.15423859142866292
0 0.6571615323153409 0.547420387059613 0.15542791193181818 0.48903703950141947
3 0.4289198164506392 0.33916946577895535 0.3000323486328125 0.4259387990816043
3 0.05794909878210588 0.3762188895803983 0.1155809339610013 0.2159244141292051
1 0.18948204387318004 0.45684817579926035 0.2223372927579013 0.23530180467282488
1 0.023021809594197706 0.43783671478104724 0.045919444831934844 0.1711792242331583
1 0.05815687363797968 0.377697751821716 0.11590617071498524 0.22270738361963158
1 0.749771728515625 0.34604893877206605 0.030650523792613637 0.03787800523101306
1 0.259833720814098 0.37688116688545936 0.05883120450106534 0.09413588893869536
1 0.016235425824468786 0.4451953908784793 0.03239577959884297 0.15423859142866292
