0 0.33753961608523414 0.5418759918212891 0.03562970388503302 0.2057433573404948
0 0.6834878013247535 0.3503792826334635 0.043050221034458706 0.18868255615234375
0 0.5707612945919945 0.6253663635253907 0.06613572438557942 0.28234761555989585
2 0.5048351287841797 0.0511721134185791 0.06910896301269531 0.1023442268371582
0 0.537376880645752 0.2935590553283691 0.02832108452206566 0.18655717213948567
0 0.800380025591169 0.8870636749267579 0.05022294180733817 0.22239771525065105
0 0.65664123353504 0.8960732014973959 0.030581973847888765 0.20785359700520833
0 0.803730465116955 0.47428508758544924 0.02961058843703497 0.18322354634602864
0 0.9556031908307757 0.42383951822916666 0.04755365280877976 0.17210042317708332
0 0.33913306962876094 0.30927490234375 0.030821050916399275 0.1623560587565104
0 0.49880915596371606 0.44304618835449217 0.03115594954717727 0.15945307413736978
0 0.662603083110991 0.8963535308837891 0.044067791530064175 0.20729293823242187
7 0.21757760502043225 0.2137100060780843 0.13104477382841564 0.29703550338745116
0 0.7688284147353399 0.4118044026692708 0.024148532322474887 0.11795633951822916
2 0.21845635913667225 0.21591933568318686 0.13338929130917504 0.29169490814208987
0 0.9559582755679176 0.39883679707845054 0.045422962733677456 0.1226227315266927
0 0.8036001296270461 0.5000406138102214 0.027736663818359375 0.13470850626627603
0 0.6152223632449195 0.053932056427001954 0.028051785060337613 0.10786411285400391
0 0.7657845587957472 0.6630932871500651 0.05840324220203218 0.22034042358398437
0 0.7664780843825567 0.7088350423177083 0.059765134538922994 0.3405839029947917
0 0.2783529758453369 0.36259981791178386 0.023022538139706568 0.09830393473307292
0 0.33753961608523414 0.5418759918212891 0.03562970388503302 0.2057433573404948
0 0.6834878013247535 0.3503792826334635 0.043050221034458706 0.18868255615234375
0 0.5707612945919945 0.6253663635253907 0.06613572438557942 0.28234761555989585
1 0.5048351287841797 0.0511721134185791 0.06910896301269531 0.1023442268371582
0 0.537376880645752 0.2935590553283691 0.02832108452206566 0.18655717213948567
0 0.800380025591169 0.8870636749267579 0.05022294180733817 0.22239771525065105
0 0.65664123353504 0.8960732014973959 0.030581973847888765 0.20785359700520833
0 0.803730465116955 0.47428508758544924 0.02961058843703497 0.18322354634602864
0 0.9556031908307757 0.42383951822916666 0.04755365280877976 0.17210042317708332
0 0.33913306962876094 0.30927490234375 0.030821050916399275 0.1623560587565104
0 0.49880915596371606 0.44304618835449217 0.03115594954717727 0.15945307413736978
0 0.662603083110991 0.8963535308837891 0.044067791530064175 0.20729293823242187
3 0.21757760502043225 0.2137100060780843 0.13104477382841564 0.29703550338745116
0 0.7688284147353399 0.4118044026692708 0.024148532322474887 0.11795633951822916
1 0.21845635913667225 0.21591933568318686 0.13338929130917504 0.29169490814208987
0 0.9559582755679176 0.39883679707845054 0.045422962733677456 0.1226227315266927
0 0.8036001296270461 0.5000406138102214 0.027736663818359375 0.13470850626627603
0 0.6152223632449195 0.053932056427001954 0.028051785060337613 0.10786411285400391
0 0.7657845587957472 0.6630932871500651 0.05840324220203218 0.22034042358398437
0 0.7664780843825567 0.7088350423177083 0.059765134538922994 0.3405839029947917
0 0.2783529758453369 0.36259981791178386 0.023022538139706568 0.09830393473307292
0 0.33753961608523414 0.5418759918212891 0.03562970388503302 0.2057433573404948
0 0.6834878013247535 0.3503792826334635 0.043050221034458706 0.18868255615234375
0 0.5707612945919945 0.6253663635253907 0.06613572438557942 0.28234761555989585
1 0.5048351287841797 0.0511721134185791 0.06910896301269531 0.1023442268371582
0 0.537376880645752 0.2935590553283691 0.02832108452206566 0.18655717213948567
0 0.800380025591169 0.8870636749267579 0.05022294180733817 0.22239771525065105
0 0.65664123353504 0.8960732014973959 0.030581973847888765 0.20785359700520833
0 0.803730465116955 0.47428508758544924 0.02961058843703497 0.18322354634602864
0 0.9556031908307757 0.42383951822916666 0.04755365280877976 0.17210042317708332
0 0.33913306962876094 0.30927490234375 0.030821050916399275 0.1623560587565104
0 0.49880915596371606 0.44304618835449217 0.03115594954717727 0.15945307413736978
0 0.662603083110991 0.8963535308837891 0.044067791530064175 0.20729293823242187
3 0.21757760502043225 0.2137100060780843 0.13104477382841564 0.29703550338745116
0 0.7688284147353399 0.4118044026692708 0.024148532322474887 0.11795633951822916
1 0.21845635913667225 0.21591933568318686 0.13338929130917504 0.29169490814208987
0 0.9559582755679176 0.39883679707845054 0.045422962733677456 0.1226227315266927
0 0.8036001296270461 0.5000406138102214 0.027736663818359375 0.13470850626627603
0 0.6152223632449195 0.053932056427001954 0.028051785060337613 0.10786411285400391
0 0.7657845587957472 0.6630932871500651 0.05840324220203218 0.22034042358398437
0 0.7664780843825567 0.7088350423177083 0.059765134538922994 0.3405839029947917
0 0.2783529758453369 0.36259981791178386 0.023022538139706568 0.09830393473307292
0 0.33753961608523414 0.5418759918212891 0.03562970388503302 0.2057433573404948
0 0.6834878013247535 0.3503792826334635 0.043050221034458706 0.18868255615234375
0 0.5707612945919945 0.6253663635253907 0.06613572438557942 0.28234761555989585
1 0.5048351287841797 0.0511721134185791 0.06910896301269531 0.1023442268371582
0 0.537376880645752 0.2935590553283691 0.02832108452206566 0.18655717213948567
0 0.800380025591169 0.8870636749267579 0.05022294180733817 0.22239771525065105
0 0.65664123353504 0.8960732014973959 0.030581973847888765 0.20785359700520833
0 0.803730465116955 0.47428508758544924 0.02961058843703497 0.18322354634602864
0 0.9556031908307757 0.42383951822916666 0.04755365280877976 0.17210042317708332
0 0.33913306962876094 0.30927490234375 0.030821050916399275 0.1623560587565104
0 0.49880915596371606 0.44304618835449217 0.03115594954717727 0.15945307413736978
0 0.662603083110991 0.8963535308837891 0.044067791530064175 0.20729293823242187
3 0.21757760502043225 0.2137100060780843 0.13104477382841564 0.29703550338745116
0 0.7688284147353399 0.4118044026692708 0.024148532322474887 0.11795633951822916
1 0.21845635913667225 0.21591933568318686 0.13338929130917504 0.29169490814208987
0 0.9559582755679176 0.39883679707845054 0.045422962733677456 0.1226227315266927
0 0.8036001296270461 0.5000406138102214 0.027736663818359375 0.13470850626627603
0 0.6152223632449195 0.053932056427001954 0.028051785060337613 0.10786411285400391
0 0.7657845587957472 0.6630932871500651 0.05840324220203218 0.22034042358398437
0 0.7664780843825567 0.7088350423177083 0.059765134538922994 0.3405839029947917
0 0.2783529758453369 0.36259981791178386 0.023022538139706568 0.09830393473307292
0 0.33753961608523414 0.5418759918212891 0.03562970388503302 0.2057433573404948
0 0.6834878013247535 0.3503792826334635 0.043050221034458706 0.18868255615234375
0 0.5707612945919945 0.6253663635253907 0.06613572438557942 0.28234761555989585
1 0.5048351287841797 0.0511721134185791 0.06910896301269531 0.1023442268371582
0 0.537376880645752 0.2935590553283691 0.02832108452206566 0.18655717213948567
0 0.800380025591169 0.8870636749267579 0.05022294180733817 0.22239771525065105
0 0.65664123353504 0.8960732014973959 0.030581973847888765 0.20785359700520833
0 0.803730465116955 0.47428508758544924 0.02961058843703497 0.18322354634602864
0 0.9556031908307757 0.42383951822916666 0.04755365280877976 0.17210042317708332
0 0.33913306962876094 0.30927490234375 0.030821050916399275 0.1623560587565104
0 0.49880915596371606 0.44304618835449217 0.03115594954717727 0.15945307413736978
0 0.662603083110991 0.8963535308837891 0.044067791530064175 0.20729293823242187
3 0.21757760502043225 0.2137100060780843 0.13104477382841564 0.29703550338745116
0 0.7688284147353399 0.4118044026692708 0.024148532322474887 0.11795633951822916
1 0.21845635913667225 0.21591933568318686 0.13338929130917504 0.29169490814208987
0 0.9559582755679176 0.39883679707845054 0.045422962733677456 0.1226227315266927
0 0.8036001296270461 0.5000406138102214 0.027736663818359375 0.13470850626627603
0 0.6152223632449195 0.053932056427001954 0.028051785060337613 0.10786411285400391
0 0.7657845587957472 0.6630932871500651 0.05840324220203218 0.22034042358398437
0 0.7664780843825567 0.7088350423177083 0.059765134538922994 0.3405839029947917
0 0.2783529758453369 0.36259981791178386 0.023022538139706568 0.09830393473307292
0 0.33753961608523414 0.5418759918212891 0.03562970388503302 0.2057433573404948
0 0.6834878013247535 0.3503792826334635 0.043050221034458706 0.18868255615234375
0 0.5707612945919945 0.6253663635253907 0.06613572438557942 0.28234761555989585
1 0.5048351287841797 0.0511721134185791 0.06910896301269531 0.1023442268371582
0 0.537376880645752 0.2935590553283691 0.02832108452206566 0.18655717213948567
0 0.800380025591169 0.8870636749267579 0.05022294180733817 0.22239771525065105
0 0.65664123353504 0.8960732014973959 0.030581973847888765 0.20785359700520833
0 0.803730465116955 0.47428508758544924 0.02961058843703497 0.18322354634602864
0 0.9556031908307757 0.42383951822916666 0.04755365280877976 0.17210042317708332
0 0.33913306962876094 0.30927490234375 0.030821050916399275 0.1623560587565104
0 0.49880915596371606 0.44304618835449217 0.03115594954717727 0.15945307413736978
0 0.662603083110991 0.8963535308837891 0.044067791530064175 0.20729293823242187
3 0.21757760502043225 0.2137100060780843 0.13104477382841564 0.29703550338745116
0 0.7688284147353399 0.4118044026692708 0.024148532322474887 0.11795633951822916
1 0.21845635913667225 0.21591933568318686 0.13338929130917504 0.29169490814208987
0 0.9559582755679176 0.39883679707845054 0.045422962733677456 0.1226227315266927
0 0.8036001296270461 0.5000406138102214 0.027736663818359375 0.13470850626627603
0 0.6152223632449195 0.053932056427001954 0.028051785060337613 0.10786411285400391
0 0.7657845587957472 0.6630932871500651 0.05840324220203218 0.22034042358398437
0 0.7664780843825567 0.7088350423177083 0.059765134538922994 0.3405839029947917
0 0.2783529758453369 0.36259981791178386 0.023022538139706568 0.09830393473307292
0 0.33753961608523414 0.5418759918212891 0.03562970388503302 0.2057433573404948
0 0.6834878013247535 0.3503792826334635 0.043050221034458706 0.18868255615234375
0 0.5707612945919945 0.6253663635253907 0.06613572438557942 0.28234761555989585
1 0.5048351287841797 0.0511721134185791 0.06910896301269531 0.1023442268371582
0 0.537376880645752 0.2935590553283691 0.02832108452206566 0.18655717213948567
0 0.800380025591169 0.8870636749267579 0.05022294180733817 0.22239771525065105
0 0.65664123353504 0.8960732014973959 0.030581973847888765 0.20785359700520833
0 0.803730465116955 0.47428508758544924 0.02961058843703497 0.18322354634602864
0 0.9556031908307757 0.42383951822916666 0.04755365280877976 0.17210042317708332
0 0.33913306962876094 0.30927490234375 0.030821050916399275 0.1623560587565104
0 0.49880915596371606 0.44304618835449217 0.03115594954717727 0.15945307413736978
0 0.662603083110991 0.8963535308837891 0.044067791530064175 0.20729293823242187
3 0.21757760502043225 0.2137100060780843 0.13104477382841564 0.29703550338745116
0 0.7688284147353399 0.4118044026692708 0.024148532322474887 0.11795633951822916
1 0.21845635913667225 0.21591933568318686 0.13338929130917504 0.29169490814208987
0 0.9559582755679176 0.39883679707845054 0.045422962733677456 0.1226227315266927
0 0.8036001296270461 0.5000406138102214 0.027736663818359375 0.13470850626627603
0 0.6152223632449195 0.053932056427001954 0.028051785060337613 0.10786411285400391
0 0.7657845587957472 0.6630932871500651 0.05840324220203218 0.22034042358398437
0 0.7664780843825567 0.7088350423177083 0.059765134538922994 0.3405839029947917
0 0.2783529758453369 0.36259981791178386 0.023022538139706568 0.09830393473307292
0 0.33753961608523414 0.5418759918212891 0.03562970388503302 0.2057433573404948
0 0.6834878013247535 0.3503792826334635 0.043050221034458706 0.18868255615234375
0 0.5707612945919945 0.6253663635253907 0.06613572438557942 0.28234761555989585
1 0.5048351287841797 0.0511721134185791 0.06910896301269531 0.1023442268371582
0 0.537376880645752 0.2935590553283691 0.02832108452206566 0.18655717213948567
0 0.800380025591169 0.8870636749267579 0.05022294180733817 0.22239771525065105
0 0.65664123353504 0.8960732014973959 0.030581973847888765 0.20785359700520833
0 0.803730465116955 0.47428508758544924 0.02961058843703497 0.18322354634602864
0 0.9556031908307757 0.42383951822916666 0.04755365280877976 0.17210042317708332
0 0.33913306962876094 0.30927490234375 0.030821050916399275 0.1623560587565104
0 0.49880915596371606 0.44304618835449217 0.03115594954717727 0.15945307413736978
0 0.662603083110991 0.8963535308837891 0.044067791530064175 0.20729293823242187
3 0.21757760502043225 0.2137100060780843 0.13104477382841564 0.29703550338745116
0 0.7688284147353399 0.4118044026692708 0.024148532322474887 0.11795633951822916
1 0.21845635913667225 0.21591933568318686 0.13338929130917504 0.29169490814208987
0 0.9559582755679176 0.39883679707845054 0.045422962733677456 0.1226227315266927
0 0.8036001296270461 0.5000406138102214 0.027736663818359375 0.13470850626627603
0 0.6152223632449195 0.053932056427001954 0.028051785060337613 0.10786411285400391
0 0.7657845587957472 0.6630932871500651 0.05840324220203218 0.22034042358398437
0 0.7664780843825567 0.7088350423177083 0.059765134538922994 0.3405839029947917
0 0.2783529758453369 0.36259981791178386 0.023022538139706568 0.09830393473307292
0 0.33753961608523414 0.5418759918212891 0.03562970388503302 0.2057433573404948
0 0.6834878013247535 0.3503792826334635 0.043050221034458706 0.18868255615234375
0 0.5707612945919945 0.6253663635253907 0.06613572438557942 0.28234761555989585
1 0.5048351287841797 0.0511721134185791 0.06910896301269531 0.1023442268371582
0 0.537376880645752 0.2935590553283691 0.02832108452206566 0.18655717213948567
0 0.800380025591169 0.8870636749267579 0.05022294180733817 0.22239771525065105
0 0.65664123353504 0.8960732014973959 0.030581973847888765 0.20785359700520833
0 0.803730465116955 0.47428508758544924 0.02961058843703497 0.18322354634602864
0 0.9556031908307757 0.42383951822916666 0.04755365280877976 0.17210042317708332
0 0.33913306962876094 0.30927490234375 0.030821050916399275 0.1623560587565104
0 0.49880915596371606 0.44304618835449217 0.03115594954717727 0.15945307413736978
0 0.662603083110991 0.8963535308837891 0.044067791530064175 0.20729293823242187
3 0.21757760502043225 0.2137100060780843 0.13104477382841564 0.29703550338745116
0 0.7688284147353399 0.4118044026692708 0.024148532322474887 0.11795633951822916
1 0.21845635913667225 0.21591933568318686 0.13338929130917504 0.29169490814208987
0 0.9559582755679176 0.39883679707845054 0.045422962733677456 0.1226227315266927
0 0.8036001296270461 0.5000406138102214 0.027736663818359375 0.13470850626627603
0 0.6152223632449195 0.053932056427001954 0.028051785060337613 0.10786411285400391
0 0.7657845587957472 0.6630932871500651 0.05840324220203218 0.22034042358398437
0 0.7664780843825567 0.7088350423177083 0.059765134538922994 0.3405839029947917
0 0.2783529758453369 0.36259981791178386 0.023022538139706568 0.09830393473307292
0 0.33753961608523414 0.5418759918212891 0.03562970388503302 0.2057433573404948
0 0.6834878013247535 0.3503792826334635 0.043050221034458706 0.18868255615234375
0 0.5707612945919945 0.6253663635253907 0.06613572438557942 0.28234761555989585
1 0.5048351287841797 0.0511721134185791 0.06910896301269531 0.1023442268371582
0 0.537376880645752 0.2935590553283691 0.02832108452206566 0.18655717213948567
0 0.800380025591169 0.8870636749267579 0.05022294180733817 0.22239771525065105
0 0.65664123353504 0.8960732014973959 0.030581973847888765 0.20785359700520833
0 0.803730465116955 0.47428508758544924 0.02961058843703497 0.18322354634602864
0 0.9556031908307757 0.42383951822916666 0.04755365280877976 0.17210042317708332
0 0.33913306962876094 0.30927490234375 0.030821050916399275 0.1623560587565104
0 0.49880915596371606 0.44304618835449217 0.03115594954717727 0.15945307413736978
0 0.662603083110991 0.8963535308837891 0.044067791530064175 0.20729293823242187
3 0.21757760502043225 0.2137100060780843 0.13104477382841564 0.29703550338745116
0 0.7688284147353399 0.4118044026692708 0.024148532322474887 0.11795633951822916
1 0.21845635913667225 0.21591933568318686 0.13338929130917504 0.29169490814208987
0 0.9559582755679176 0.39883679707845054 0.045422962733677456 0.1226227315266927
0 0.8036001296270461 0.5000406138102214 0.027736663818359375 0.13470850626627603
0 0.6152223632449195 0.053932056427001954 0.028051785060337613 0.10786411285400391
0 0.7657845587957472 0.6630932871500651 0.05840324220203218 0.22034042358398437
0 0.7664780843825567 0.7088350423177083 0.059765134538922994 0.3405839029947917
0 0.2783529758453369 0.36259981791178386 0.023022538139706568 0.09830393473307292
