0 0.6355412081352569 0.28995327979513685 0.05737981256448998 0.16465209864970273
0 0.583725983241819 0.2912504807958063 0.06518938556407233 0.19255824059060533
0 0.6355412081352569 0.28995327979513685 0.05737981256448998 0.16465209864970273
0 0.583725983241819 0.2912504807958063 0.06518938556407233 0.19255824059060533
0 0.6355412081352569 0.28995327979513685 0.05737981256448998 0.16465209864970273
0 0.583725983241819 0.2912504807958063 0.06518938556407233 0.19255824059060533
0 0.6355412081352569 0.28995327979513685 0.05737981256448998 0.16465209864970273
0 0.583725983241819 0.2912504807958063 0.06518938556407233 0.19255824059060533
0 0.6355412081352569 0.28995327979513685 0.05737981256448998 0.16465209864970273
0 0.583725983241819 0.2912504807958063 0.06518938556407233 0.19255824059060533
0 0.6355412081352569 0.28995327979513685 0.05737981256448998 0.16465209864970273
0 0.583725983241819 0.2912504807958063 0.06518938556407233 0.19255824059060533
0 0.6355412081352569 0.28995327979513685 0.05737981256448998 0.16465209864970273
0 0.583725983241819 0.2912504807958063 0.06518938556407233 0.19255824059060533
0 0.6355412081352569 0.28995327979513685 0.05737981256448998 0.16465209864970273
0 0.583725983241819 0.2912504807958063 0.06518938556407233 0.19255824059060533
0 0.6355412081352569 0.28995327979513685 0.05737981256448998 0.16465209864970273
0 0.583725983241819 0.2912504807958063 0.06518938556407233 0.19255824059060533
0 0.6355412081352569 0.28995327979513685 0.05737981256448998 0.16465209864970273
0 0.583725983241819 0.2912504807958063 0.06518938556407233 0.19255824059060533
