0 0.8294508192274306 0.6227470615931919 0.12081485324435765 0.48608145577566964
0 0.37477355533176 0.6279502650669643 0.09623485141330296 0.4559498814174107
0 0.567981031205919 0.62479736328125 0.11861281924777561 0.5022185407366071
0 0.4772439267900255 0.6337642124720982 0.09100463655259874 0.46054652622767855
0 0.6653192308213975 0.6398655482700892 0.08682272169325086 0.4404647391183036
0 0.24458885855144924 0.3715164947509766 0.045832196871439614 0.15497264317103795
0 0.7254179053836398 0.6339294651576451 0.07857836617363824 0.46798736572265626
0 0.020669227259026632 0.35997220720563616 0.024756049944294825 0.13603720528738839
0 0.05384270350138346 0.35379385811941966 0.02910259034898546 0.13939453125
0 0.8294508192274306 0.6227470615931919 0.12081485324435765 0.48608145577566964
0 0.37477355533176 0.6279502650669643 0.09623485141330296 0.4559498814174107
0 0.567981031205919 0.62479736328125 0.11861281924777561 0.5022185407366071
0 0.4772439267900255 0.6337642124720982 0.09100463655259874 0.46054652622767855
0 0.6653192308213975 0.6398655482700892 0.08682272169325086 0.4404647391183036
0 0.24458885855144924 0.3715164947509766 0.045832196871439614 0.15497264317103795
0 0.7254179053836398 0.6339294651576451 0.07857836617363824 0.46798736572265626
0 0.020669227259026632 0.35997220720563616 0.024756049944294825 0.13603720528738839
0 0.05384270350138346 0.35379385811941966 0.02910259034898546 0.13939453125
0 0.8294508192274306 0.6227470615931919 0.12081485324435765 0.48608145577566964
0 0.37477355533176 0.6279502650669643 0.09623485141330296 0.4559498814174107
0 0.567981031205919 0.62479736328125 0.11861281924777561 0.5022185407366071
0 0.4772439267900255 0.6337642124720982 0.09100463655259874 0.46054652622767855
0 0.6653192308213975 0.6398655482700892 0.08682272169325086 0.4404647391183036
0 0.24458885855144924 0.3715164947509766 0.045832196871439614 0.15497264317103795
0 0.7254179053836398 0.6339294651576451 0.07857836617363824 0.46798736572265626
0 0.020669227259026632 0.35997220720563616 0.024756049944294825 0.13603720528738839
0 0.05384270350138346 0.35379385811941966 0.02910259034898546 0.13939453125
0 0.8294508192274306 0.6227470615931919 0.12081485324435765 0.48608145577566964
0 0.37477355533176 0.6279502650669643 0.09623485141330296 0.4559498814174107
0 0.567981031205919 0.62479736328125 0.11861281924777561 0.5022185407366071
0 0.4772439267900255 0.6337642124720982 0.09100463655259874 0.46054652622767855
0 0.6653192308213975 0.6398655482700892 0.08682272169325086 0.4404647391183036
0 0.24458885855144924 0.3715164947509766 0.045832196871439614 0.15497264317103795
0 0.7254179053836398 0.6339294651576451 0.07857836617363824 0.46798736572265626
0 0.020669227259026632 0.35997220720563616 0.024756049944294825 0.13603720528738839
0 0.05384270350138346 0.35379385811941966 0.02910259034898546 0.13939453125
0 0.8294508192274306 0.6227470615931919 0.12081485324435765 0.48608145577566964
0 0.37477355533176 0.6279502650669643 0.09623485141330296 0.4559498814174107
0 0.567981031205919 0.62479736328125 0.11861281924777561 0.5022185407366071
0 0.4772439267900255 0.6337642124720982 0.09100463655259874 0.46054652622767855
0 0.6653192308213975 0.6398655482700892 0.08682272169325086 0.4404647391183036
0 0.24458885855144924 0.3715164947509766 0.045832196871439614 0.15497264317103795
0 0.7254179053836398 0.6339294651576451 0.07857836617363824 0.46798736572265626
0 0.020669227259026632 0.35997220720563616 0.024756049944294825 0.13603720528738839
0 0.05384270350138346 0.35379385811941966 0.02910259034898546 0.13939453125
0 0.8294508192274306 0.6227470615931919 0.12081485324435765 0.48608145577566964
0 0.37477355533176 0.6279502650669643 0.09623485141330296 0.4559498814174107
0 0.567981031205919 0.62479736328125 0.11861281924777561 0.5022185407366071
0 0.4772439267900255 0.6337642124720982 0.09100463655259874 0.46054652622767855
0 0.6653192308213975 0.6398655482700892 0.08682272169325086 0.4404647391183036
0 0.24458885855144924 0.3715164947509766 0.045832196871439614 0.15497264317103795
0 0.7254179053836398 0.6339294651576451 0.07857836617363824 0.46798736572265626
0 0.020669227259026632 0.35997220720563616 0.024756049944294825 0.13603720528738839
0 0.05384270350138346 0.35379385811941966 0.02910259034898546 0.13939453125
0 0.8294508192274306 0.6227470615931919 0.12081485324435765 0.48608145577566964
0 0.37477355533176 0.6279502650669643 0.09623485141330296 0.4559498814174107
0 0.567981031205919 0.62479736328125 0.11861281924777561 0.5022185407366071
0 0.4772439267900255 0.6337642124720982 0.09100463655259874 0.46054652622767855
0 0.6653192308213975 0.6398655482700892 0.08682272169325086 0.4404647391183036
0 0.24458885855144924 0.3715164947509766 0.045832196871439614 0.15497264317103795
0 0.7254179053836398 0.6339294651576451 0.07857836617363824 0.46798736572265626
0 0.020669227259026632 0.35997220720563616 0.024756049944294825 0.13603720528738839
0 0.05384270350138346 0.35379385811941966 0.02910259034898546 0.13939453125
0 0.8294508192274306 0.6227470615931919 0.12081485324435765 0.48608145577566964
0 0.37477355533176 0.6279502650669643 0.09623485141330296 0.4559498814174107
0 0.567981031205919 0.62479736328125 0.11861281924777561 0.5022185407366071
0 0.4772439267900255 0.6337642124720982 0.09100463655259874 0.46054652622767855
0 0.6653192308213975 0.6398655482700892 0.08682272169325086 0.4404647391183036
0 0.24458885855144924 0.3715164947509766 0.045832196871439614 0.15497264317103795
0 0.7254179053836398 0.6339294651576451 0.07857836617363824 0.46798736572265626
0 0.020669227259026632 0.35997220720563616 0.024756049944294825 0.13603720528738839
0 0.05384270350138346 0.35379385811941966 0.02910259034898546 0.13939453125
0 0.8294508192274306 0.6227470615931919 0.12081485324435765 0.48608145577566964
0 0.37477355533176 0.6279502650669643 0.09623485141330296 0.4559498814174107
0 0.567981031205919 0.62479736328125 0.11861281924777561 0.5022185407366071
0 0.4772439267900255 0.6337642124720982 0.09100463655259874 0.46054652622767855
0 0.6653192308213975 0.6398655482700892 0.08682272169325086 0.4404647391183036
0 0.24458885855144924 0.3715164947509766 0.045832196871439614 0.15497264317103795
0 0.7254179053836398 0.6339294651576451 0.07857836617363824 0.46798736572265626
0 0.020669227259026632 0.35997220720563616 0.024756049944294825 0.13603720528738839
0 0.05384270350138346 0.35379385811941966 0.02910259034898546 0.13939453125
0 0.8294508192274306 0.6227470615931919 0.12081485324435765 0.48608145577566964
0 0.37477355533176 0.6279502650669643 0.09623485141330296 0.4559498814174107
0 0.567981031205919 0.62479736328125 0.11861281924777561 0.5022185407366071
0 0.4772439267900255 0.6337642124720982 0.09100463655259874 0.46054652622767855
0 0.6653192308213975 0.6398655482700892 0.08682272169325086 0.4404647391183036
0 0.24458885855144924 0.3715164947509766 0.045832196871439614 0.15497264317103795
0 0.7254179053836398 0.6339294651576451 0.07857836617363824 0.46798736572265626
0 0.020669227259026632 0.35997220720563616 0.024756049944294825 0.13603720528738839
0 0.05384270350138346 0.35379385811941966 0.02910259034898546 0.13939453125
