0 0.3511848329747998 0.5449214191556727 0.1644651544918804 0.7769642476015871
0 0.5372279665005282 0.4372456808510067 0.08389834038116648 0.4898795001911667
0 0.06637423293395613 0.45069514580492703 0.08095281828874312 0.43863454854713296
0 0.26373413373839183 0.49291074500893645 0.06698354085286458 0.4624137878417969
0 0.6304460201623305 0.39653601736392613 0.055520543512308375 0.2655114467788792
0 0.44412917610984176 0.4142382879677059 0.06413307429859473 0.39133328611745777
0 0.1238876258802114 0.413923239557998 0.05382004024097754 0.37416933167655514
0 0.20392429303823026 0.4808407669547219 0.07512961093734645 0.4485921799761694
2 0.8428122082596305 0.2665375583576706 0.06758146465949293 0.13348833719889322
0 0.7265060952624435 0.29688282132898486 0.03338148009102299 0.2099807067487225
7 0.9402489332283068 0.27301445847037453 0.11884207095739976 0.19315303346645907
2 0.9398300362832891 0.27327652097498095 0.12033992743342177 0.19246624400780635
0 0.584596741874263 0.3545286310543804 0.03801127499754324 0.24551559544209414
0 0.7513842792630946 0.29895642718429083 0.041532504483588834 0.19753069847634752
2 0.8949506267811518 0.2601721181809527 0.04139258426690252 0.11384323408018868
0 0.3511848329747998 0.5449214191556727 0.1644651544918804 0.7769642476015871
0 0.5372279665005282 0.4372456808510067 0.08389834038116648 0.4898795001911667
0 0.06637423293395613 0.45069514580492703 0.08095281828874312 0.43863454854713296
0 0.26373413373839183 0.49291074500893645 0.06698354085286458 0.4624137878417969
0 0.6304460201623305 0.39653601736392613 0.055520543512308375 0.2655114467788792
0 0.44412917610984176 0.4142382879677059 0.06413307429859473 0.39133328611745777
0 0.1238876258802114 0.413923239557998 0.05382004024097754 0.37416933167655514
0 0.20392429303823026 0.4808407669547219 0.07512961093734645 0.4485921799761694
1 0.8428122082596305 0.2665375583576706 0.06758146465949293 0.13348833719889322
0 0.7265060952624435 0.29688282132898486 0.03338148009102299 0.2099807067487225
3 0.9402489332283068 0.27301445847037453 0.11884207095739976 0.19315303346645907
1 0.9398300362832891 0.27327652097498095 0.12033992743342177 0.19246624400780635
0 0.584596741874263 0.3545286310543804 0.03801127499754324 0.24551559544209414
0 0.7513842792630946 0.29895642718429083 0.041532504483588834 0.19753069847634752
1 0.8949506267811518 0.2601721181809527 0.04139258426690252 0.11384323408018868
0 0.3511848329747998 0.5449214191556727 0.1644651544918804 0.7769642476015871
0 0.5372279665005282 0.4372456808510067 0.08389834038116648 0.4898795001911667
0 0.06637423293395613 0.45069514580492703 0.08095281828874312 0.43863454854713296
0 0.26373413373839183 0.49291074500893645 0.06698354085286458 0.4624137878417969
0 0.6304460201623305 0.39653601736392613 0.055520543512308375 0.2655114467788792
0 0.44412917610984176 0.4142382879677059 0.06413307429859473 0.39133328611745777
0 0.1238876258802114 0.413923239557998 0.05382004024097754 0.37416933167655514
0 0.20392429303823026 0.4808407669547219 0.07512961093734645 0.4485921799761694
1 0.8428122082596305 0.2665375583576706 0.06758146465949293 0.13348833719889322
0 0.7265060952624435 0.29688282132898486 0.03338148009102299 0.2099807067487225
3 0.9402489332283068 0.27301445847037453 0.11884207095739976 0.19315303346645907
1 0.9398300362832891 0.27327652097498095 0.12033992743342177 0.19246624400780635
0 0.584596741874263 0.3545286310543804 0.03801127499754324 0.24551559544209414
0 0.7513842792630946 0.29895642718429083 0.041532504483588834 0.19753069847634752
1 0.8949506267811518 0.2601721181809527 0.04139258426690252 0.11384323408018868
0 0.3511848329747998 0.5449214191556727 0.1644651544918804 0.7769642476015871
0 0.5372279665005282 0.4372456808510067 0.08389834038116648 0.4898795001911667
0 0.06637423293395613 0.45069514580492703 0.08095281828874312 0.43863454854713296
0 0.26373413373839183 0.49291074500893645 0.06698354085286458 0.4624137878417969
0 0.6304460201623305 0.39653601736392613 0.055520543512308375 0.2655114467788792
0 0.44412917610984176 0.4142382879677059 0.06413307429859473 0.39133328611745777
0 0.1238876258802114 0.413923239557998 0.05382004024097754 0.37416933167655514
0 0.20392429303823026 0.4808407669547219 0.07512961093734645 0.4485921799761694
1 0.8428122082596305 0.2665375583576706 0.06758146465949293 0.13348833719889322
0 0.7265060952624435 0.29688282132898486 0.03338148009102299 0.2099807067487225
3 0.9402489332283068 0.27301445847037453 0.11884207095739976 0.19315303346645907
1 0.9398300362832891 0.27327652097498095 0.12033992743342177 0.19246624400780635
0 0.584596741874263 0.3545286310543804 0.03801127499754324 0.24551559544209414
0 0.7513842792630946 0.29895642718429083 0.041532504483588834 0.19753069847634752
1 0.8949506267811518 0.2601721181809527 0.04139258426690252 0.11384323408018868
0 0.3511848329747998 0.5449214191556727 0.1644651544918804 0.7769642476015871
0 0.5372279665005282 0.4372456808510067 0.08389834038116648 0.4898795001911667
0 0.06637423293395613 0.45069514580492703 0.08095281828874312 0.43863454854713296
0 0.26373413373839183 0.49291074500893645 0.06698354085286458 0.4624137878417969
0 0.6304460201623305 0.39653601736392613 0.055520543512308375 0.2655114467788792
0 0.44412917610984176 0.4142382879677059 0.06413307429859473 0.39133328611745777
0 0.1238876258802114 0.413923239557998 0.05382004024097754 0.37416933167655514
0 0.20392429303823026 0.4808407669547219 0.07512961093734645 0.4485921799761694
1 0.8428122082596305 0.2665375583576706 0.06758146465949293 0.13348833719889322
0 0.7265060952624435 0.29688282132898486 0.03338148009102299 0.2099807067487225
3 0.9402489332283068 0.27301445847037453 0.11884207095739976 0.19315303346645907
1 0.9398300362832891 0.27327652097498095 0.12033992743342177 0.19246624400780635
0 0.584596741874263 0.3545286310543804 0.03801127499754324 0.24551559544209414
0 0.7513842792630946 0.29895642718429083 0.041532504483588834 0.19753069847634752
1 0.8949506267811518 0.2601721181809527 0.04139258426690252 0.11384323408018868
0 0.3511848329747998 0.5449214191556727 0.1644651544918804 0.7769642476015871
0 0.5372279665005282 0.4372456808510067 0.08389834038116648 0.4898795001911667
0 0.06637423293395613 0.45069514580492703 0.08095281828874312 0.43863454854713296
0 0.26373413373839183 0.49291074500893645 0.06698354085286458 0.4624137878417969
0 0.6304460201623305 0.39653601736392613 0.055520543512308375 0.2655114467788792
0 0.44412917610984176 0.4142382879677059 0.06413307429859473 0.39133328611745777
0 0.1238876258802114 0.413923239557998 0.05382004024097754 0.37416933167655514
0 0.20392429303823026 0.4808407669547219 0.07512961093734645 0.4485921799761694
1 0.8428122082596305 0.2665375583576706 0.06758146465949293 0.13348833719889322
0 0.7265060952624435 0.29688282132898486 0.03338148009102299 0.2099807067487225
3 0.9402489332283068 0.27301445847037453 0.11884207095739976 0.19315303346645907
1 0.9398300362832891 0.27327652097498095 0.12033992743342177 0.19246624400780635
0 0.584596741874263 0.3545286310543804 0.03801127499754324 0.24551559544209414
0 0.7513842792630946 0.29895642718429083 0.041532504483588834 0.19753069847634752
1 0.8949506267811518 0.2601721181809527 0.04139258426690252 0.11384323408018868
0 0.3511848329747998 0.5449214191556727 0.1644651544918804 0.7769642476015871
0 0.5372279665005282 0.4372456808510067 0.08389834038116648 0.4898795001911667
0 0.06637423293395613 0.45069514580492703 0.08095281828874312 0.43863454854713296
0 0.26373413373839183 0.49291074500893645 0.06698354085286458 0.4624137878417969
0 0.6304460201623305 0.39653601736392613 0.055520543512308375 0.2655114467788792
0 0.44412917610984176 0.4142382879677059 0.06413307429859473 0.39133328611745777
0 0.1238876258802114 0.413923239557998 0.05382004024097754 0.37416933167655514
0 0.20392429303823026 0.4808407669547219 0.07512961093734645 0.4485921799761694
1 0.8428122082596305 0.2665375583576706 0.06758146465949293 0.13348833719889322
0 0.7265060952624435 0.29688282132898486 0.03338148009102299 0.2099807067487225
3 0.9402489332283068 0.27301445847037453 0.11884207095739976 0.19315303346645907
1 0.9398300362832891 0.27327652097498095 0.12033992743342177 0.19246624400780635
0 0.584596741874263 0.3545286310543804 0.03801127499754324 0.24551559544209414
0 0.7513842792630946 0.29895642718429083 0.041532504483588834 0.19753069847634752
1 0.8949506267811518 0.2601721181809527 0.04139258426690252 0.11384323408018868
0 0.3511848329747998 0.5449214191556727 0.1644651544918804 0.7769642476015871
0 0.5372279665005282 0.4372456808510067 0.08389834038116648 0.4898795001911667
0 0.06637423293395613 0.45069514580492703 0.08095281828874312 0.43863454854713296
0 0.26373413373839183 0.49291074500893645 0.06698354085286458 0.4624137878417969
0 0.6304460201623305 0.39653601736392613 0.055520543512308375 0.2655114467788792
0 0.44412917610984176 0.4142382879677059 0.06413307429859473 0.39133328611745777
0 0.1238876258802114 0.413923239557998 0.05382004024097754 0.37416933167655514
0 0.20392429303823026 0.4808407669547219 0.07512961093734645 0.4485921799761694
1 0.8428122082596305 0.2665375583576706 0.06758146465949293 0.13348833719889322
0 0.7265060952624435 0.29688282132898486 0.03338148009102299 0.2099807067487225
3 0.9402489332283068 0.27301445847037453 0.11884207095739976 0.19315303346645907
1 0.9398300362832891 0.27327652097498095 0.12033992743342177 0.19246624400780635
0 0.584596741874263 0.3545286310543804 0.03801127499754324 0.24551559544209414
0 0.7513842792630946 0.29895642718429083 0.041532504483588834 0.19753069847634752
1 0.8949506267811518 0.2601721181809527 0.04139258426690252 0.11384323408018868
0 0.3511848329747998 0.5449214191556727 0.1644651544918804 0.7769642476015871
0 0.5372279665005282 0.4372456808510067 0.08389834038116648 0.4898795001911667
0 0.06637423293395613 0.45069514580492703 0.08095281828874312 0.43863454854713296
0 0.26373413373839183 0.49291074500893645 0.06698354085286458 0.4624137878417969
0 0.6304460201623305 0.39653601736392613 0.055520543512308375 0.2655114467788792
0 0.44412917610984176 0.4142382879677059 0.06413307429859473 0.39133328611745777
0 0.1238876258802114 0.413923239557998 0.05382004024097754 0.37416933167655514
0 0.20392429303823026 0.4808407669547219 0.07512961093734645 0.4485921799761694
1 0.8428122082596305 0.2665375583576706 0.06758146465949293 0.13348833719889322
0 0.7265060952624435 0.29688282132898486 0.03338148009102299 0.2099807067487225
3 0.9402489332283068 0.27301445847037453 0.11884207095739976 0.19315303346645907
1 0.9398300362832891 0.27327652097498095 0.12033992743342177 0.19246624400780635
0 0.584596741874263 0.3545286310543804 0.03801127499754324 0.24551559544209414
0 0.7513842792630946 0.29895642718429083 0.041532504483588834 0.19753069847634752
1 0.8949506267811518 0.2601721181809527 0.04139258426690252 0.11384323408018868
0 0.3511848329747998 0.5449214191556727 0.1644651544918804 0.7769642476015871
0 0.5372279665005282 0.4372456808510067 0.08389834038116648 0.4898795001911667
0 0.06637423293395613 0.45069514580492703 0.08095281828874312 0.43863454854713296
0 0.26373413373839183 0.49291074500893645 0.06698354085286458 0.4624137878417969
0 0.6304460201623305 0.39653601736392613 0.055520543512308375 0.2655114467788792
0 0.44412917610984176 0.4142382879677059 0.06413307429859473 0.39133328611745777
0 0.1238876258802114 0.413923239557998 0.05382004024097754 0.37416933167655514
0 0.20392429303823026 0.4808407669547219 0.07512961093734645 0.4485921799761694
1 0.8428122082596305 0.2665375583576706 0.06758146465949293 0.13348833719889322
0 0.7265060952624435 0.29688282132898486 0.03338148009102299 0.2099807067487225
3 0.9402489332283068 0.27301445847037453 0.11884207095739976 0.19315303346645907
1 0.9398300362832891 0.27327652097498095 0.12033992743342177 0.19246624400780635
0 0.584596741874263 0.3545286310543804 0.03801127499754324 0.24551559544209414
0 0.7513842792630946 0.29895642718429083 0.041532504483588834 0.19753069847634752
1 0.8949506267811518 0.2601721181809527 0.04139258426690252 0.11384323408018868
