0 0.8065570345791904 0.6437802549268379 0.1856414794921875 0.5169663976450436
0 0.6260298018022017 0.619751143325222 0.14967235218394886 0.5275705473019126
2 0.5337102994051847 0.49687082259381404 0.10697004838423295 0.17322561128543373
0 0.069470478404652 0.7442352836900722 0.138940956809304 0.4909085549943434
0 0.3154571117054332 0.5150182129906826 0.05971183083274148 0.2090522057371713
2 0.4210601113059304 0.44389464164692194 0.05645466197620739 0.06156762962132855
0 0.2111026417125355 0.6935762916106344 0.18200292413884944 0.587709604065275
2 0.3505995594371449 0.45985702347885715 0.10236821954900568 0.10681923621339225
2 0.7037652310458097 0.5081285778942004 0.12195451216264204 0.15873213804484718
2 0.2162255096435547 0.4665960509920381 0.13136206886985086 0.14908345540364584
2 0.4974265081232244 0.43589455443001834 0.0504058837890625 0.07272609856610741
2 0.4932422707297585 0.42278537854470843 0.05223216663707386 0.0982358755309725
0 0.8065570345791904 0.6437802549268379 0.1856414794921875 0.5169663976450436
0 0.6260298018022017 0.619751143325222 0.14967235218394886 0.5275705473019126
1 0.5337102994051847 0.49687082259381404 0.10697004838423295 0.17322561128543373
0 0.069470478404652 0.7442352836900722 0.138940956809304 0.4909085549943434
0 0.3154571117054332 0.5150182129906826 0.05971183083274148 0.2090522057371713
1 0.4210601113059304 0.44389464164692194 0.05645466197620739 0.06156762962132855
0 0.2111026417125355 0.6935762916106344 0.18200292413884944 0.587709604065275
1 0.3505995594371449 0.45985702347885715 0.10236821954900568 0.10681923621339225
1 0.7037652310458097 0.5081285778942004 0.12195451216264204 0.15873213804484718
1 0.2162255096435547 0.4665960509920381 0.13136206886985086 0.14908345540364584
1 0.4974265081232244 0.43589455443001834 0.0504058837890625 0.07272609856610741
1 0.4932422707297585 0.42278537854470843 0.05223216663707386 0.0982358755309725
0 0.8065570345791904 0.6437802549268379 0.1856414794921875 0.5169663976450436
0 0.6260298018022017 0.619751143325222 0.14967235218394886 0.5275705473019126
1 0.5337102994051847 0.49687082259381404 0.10697004838423295 0.17322561128543373
0 0.069470478404652 0.7442352836900722 0.138940956809304 0.4909085549943434
0 0.3154571117054332 0.5150182129906826 0.05971183083274148 0.2090522057371713
1 0.4210601113059304 0.44389464164692194 0.05645466197620739 0.06156762962132855
0 0.2111026417125355 0.6935762916106344 0.18200292413884944 0.587709604065275
1 0.3505995594371449 0.45985702347885715 0.10236821954900568 0.10681923621339225
1 0.7037652310458097 0.5081285778942004 0.12195451216264204 0.15873213804484718
1 0.2162255096435547 0.4665960509920381 0.13136206886985086 0.14908345540364584
1 0.4974265081232244 0.43589455443001834 0.0504058837890625 0.07272609856610741
1 0.4932422707297585 0.42278537854470843 0.05223216663707386 0.0982358755309725
0 0.8065570345791904 0.6437802549268379 0.1856414794921875 0.5169663976450436
0 0.6260298018022017 0.619751143325222 0.14967235218394886 0.5275705473019126
1 0.5337102994051847 0.49687082259381404 0.10697004838423295 0.17322561128543373
0 0.069470478404652 0.7442352836900722 0.138940956809304 0.4909085549943434
0 0.3154571117054332 0.5150182129906826 0.05971183083274148 0.2090522057371713
1 0.4210601113059304 0.44389464164692194 0.05645466197620739 0.06156762962132855
0 0.2111026417125355 0.6935762916106344 0.18200292413884944 0.587709604065275
1 0.3505995594371449 0.45985702347885715 0.10236821954900568 0.10681923621339225
1 0.7037652310458097 0.5081285778942004 0.12195451216264204 0.15873213804484718
1 0.2162255096435547 0.4665960509920381 0.13136206886985086 0.14908345540364584
1 0.4974265081232244 0.43589455443001834 0.0504058837890625 0.07272609856610741
1 0.4932422707297585 0.42278537854470843 0.05223216663707386 0.0982358755309725
0 0.8065570345791904 0.6437802549268379 0.1856414794921875 0.5169663976450436
0 0.6260298018022017 0.619751143325222 0.14967235218394886 0.5275705473019126
1 0.5337102994051847 0.49687082259381404 0.10697004838423295 0.17322561128543373
0 0.069470478404652 0.7442352836900722 0.138940956809304 0.4909085549943434
0 0.3154571117054332 0.5150182129906826 0.05971183083274148 0.2090522057371713
1 0.4210601113059304 0.44389464164692194 0.05645466197620739 0.06156762962132855
0 0.2111026417125355 0.6935762916106344 0.18200292413884944 0.587709604065275
1 0.3505995594371449 0.45985702347885715 0.10236821954900568 0.10681923621339225
1 0.7037652310458097 0.5081285778942004 0.12195451216264204 0.15873213804484718
1 0.2162255096435547 0.4665960509920381 0.13136206886985086 0.14908345540364584
1 0.4974265081232244 0.43589455443001834 0.0504058837890625 0.07272609856610741
1 0.4932422707297585 0.42278537854470843 0.05223216663707386 0.0982358755309725
0 0.8065570345791904 0.6437802549268379 0.1856414794921875 0.5169663976450436
0 0.6260298018022017 0.619751143325222 0.14967235218394886 0.5275705473019126
1 0.5337102994051847 0.49687082259381404 0.10697004838423295 0.17322561128543373
0 0.069470478404652 0.7442352836900722 0.138940956809304 0.4909085549943434
0 0.3154571117054332 0.5150182129906826 0.05971183083274148 0.2090522057371713
1 0.4210601113059304 0.44389464164692194 0.05645466197620739 0.06156762962132855
0 0.2111026417125355 0.6935762916106344 0.18200292413884944 0.587709604065275
1 0.3505995594371449 0.45985702347885715 0.10236821954900568 0.10681923621339225
1 0.7037652310458097 0.5081285778942004 0.12195451216264204 0.15873213804484718
1 0.2162255096435547 0.4665960509920381 0.13136206886985086 0.14908345540364584
1 0.4974265081232244 0.43589455443001834 0.0504058837890625 0.07272609856610741
1 0.4932422707297585 0.42278537854470843 0.05223216663707386 0.0982358755309725
0 0.8065570345791904 0.6437802549268379 0.1856414794921875 0.5169663976450436
0 0.6260298018022017 0.619751143325222 0.14967235218394886 0.5275705473019126
1 0.5337102994051847 0.49687082259381404 0.10697004838423295 0.17322561128543373
0 0.069470478404652 0.7442352836900722 0.138940956809304 0.4909085549943434
0 0.3154571117054332 0.5150182129906826 0.05971183083274148 0.2090522057371713
1 0.4210601113059304 0.44389464164692194 0.05645466197620739 0.06156762962132855
0 0.2111026417125355 0.6935762916106344 0.18200292413884944 0.587709604065275
1 0.3505995594371449 0.45985702347885715 0.10236821954900568 0.10681923621339225
1 0.7037652310458097 0.5081285778942004 0.12195451216264204 0.15873213804484718
1 0.2162255096435547 0.4665960509920381 0.13136206886985086 0.14908345540364584
1 0.4974265081232244 0.43589455443001834 0.0504058837890625 0.07272609856610741
1 0.4932422707297585 0.42278537854470843 0.05223216663707386 0.0982358755309725
0 0.8065570345791904 0.6437802549268379 0.1856414794921875 0.5169663976450436
0 0.6260298018022017 0.619751143325222 0.14967235218394886 0.5275705473019126
1 0.5337102994051847 0.49687082259381404 0.10697004838423295 0.17322561128543373
0 0.069470478404652 0.7442352836900722 0.138940956809304 0.4909085549943434
0 0.3154571117054332 0.5150182129906826 0.05971183083274148 0.2090522057371713
1 0.4210601113059304 0.44389464164692194 0.05645466197620739 0.06156762962132855
0 0.2111026417125355 0.6935762916106344 0.18200292413884944 0.587709604065275
1 0.3505995594371449 0.45985702347885715 0.10236821954900568 0.10681923621339225
1 0.7037652310458097 0.5081285778942004 0.12195451216264204 0.15873213804484718
1 0.2162255096435547 0.4665960509920381 0.13136206886985086 0.14908345540364584
1 0.4974265081232244 0.43589455443001834 0.0504058837890625 0.07272609856610741
1 0.4932422707297585 0.42278537854470843 0.05223216663707386 0.0982358755309725
0 0.8065570345791904 0.6437802549268379 0.1856414794921875 0.5169663976450436
0 0.6260298018022017 0.619751143325222 0.14967235218394886 0.5275705473019126
1 0.5337102994051847 0.49687082259381404 0.10697004838423295 0.17322561128543373
0 0.069470478404652 0.7442352836900722 0.138940956809304 0.4909085549943434
0 0.3154571117054332 0.5150182129906826 0.05971183083274148 0.2090522057371713
1 0.4210601113059304 0.44389464164692194 0.05645466197620739 0.06156762962132855
0 0.2111026417125355 0.6935762916106344 0.18200292413884944 0.587709604065275
1 0.3505995594371449 0.45985702347885715 0.10236821954900568 0.10681923621339225
1 0.7037652310458097 0.5081285778942004 0.12195451216264204 0.15873213804484718
1 0.2162255096435547 0.4665960509920381 0.13136206886985086 0.14908345540364584
1 0.4974265081232244 0.43589455443001834 0.0504058837890625 0.07272609856610741
1 0.4932422707297585 0.42278537854470843 0.05223216663707386 0.0982358755309725
0 0.8065570345791904 0.6437802549268379 0.1856414794921875 0.5169663976450436
0 0.6260298018022017 0.619751143325222 0.14967235218394886 0.5275705473019126
1 0.5337102994051847 0.49687082259381404 0.10697004838423295 0.17322561128543373
0 0.069470478404652 0.7442352836900722 0.138940956809304 0.4909085549943434
0 0.3154571117054332 0.5150182129906826 0.05971183083274148 0.2090522057371713
1 0.4210601113059304 0.44389464164692194 0.05645466197620739 0.06156762962132855
0 0.2111026417125355 0.6935762916106344 0.18200292413884944 0.587709604065275
1 0.3505995594371449 0.45985702347885715 0.10236821954900568 0.10681923621339225
1 0.7037652310458097 0.5081285778942004 0.12195451216264204 0.15873213804484718
1 0.2162255096435547 0.4665960509920381 0.13136206886985086 0.14908345540364584
1 0.4974265081232244 0.43589455443001834 0.0504058837890625 0.07272609856610741
1 0.4932422707297585 0.42278537854470843 0.05223216663707386 0.0982358755309725
