0 0.6921032159978693 0.7627674373772626 0.05330111416903409 0.17334067756360996
0 0.6364107444069602 0.7074338569015753 0.040682594992897725 0.16166737040535348
0 0.2370872081409801 0.7791872702009691 0.04846568714488636 0.19132662080024762
0 0.5440343960848721 0.8318366795941129 0.0463775634765625 0.2403985528998036
0 0.9122927301580256 0.8698463648394809 0.06095431241122159 0.22477513714566258
0 0.47359648271040483 0.8171925362342042 0.05109405517578125 0.21098252593493852
0 0.5826932040127841 0.6784636283832821 0.024706809303977274 0.11984269605959699
0 0.2849909140846946 0.7366166453543908 0.03337027809836648 0.15468805865511867
0 0.3353175770152699 0.831922395633218 0.05628107244318182 0.24555585684020662
0 0.9125133722478693 0.8382517496744791 0.059603493430397725 0.15962494396772542
0 0.6921032159978693 0.7627674373772626 0.05330111416903409 0.17334067756360996
0 0.6364107444069602 0.7074338569015753 0.040682594992897725 0.16166737040535348
0 0.2370872081409801 0.7791872702009691 0.04846568714488636 0.19132662080024762
0 0.5440343960848721 0.8318366795941129 0.0463775634765625 0.2403985528998036
0 0.9122927301580256 0.8698463648394809 0.06095431241122159 0.22477513714566258
0 0.47359648271040483 0.8171925362342042 0.05109405517578125 0.21098252593493852
0 0.5826932040127841 0.6784636283832821 0.024706809303977274 0.11984269605959699
0 0.2849909140846946 0.7366166453543908 0.03337027809836648 0.15468805865511867
0 0.3353175770152699 0.831922395633218 0.05628107244318182 0.24555585684020662
0 0.9125133722478693 0.8382517496744791 0.059603493430397725 0.15962494396772542
0 0.6921032159978693 0.7627674373772626 0.05330111416903409 0.17334067756360996
0 0.6364107444069602 0.7074338569015753 0.040682594992897725 0.16166737040535348
0 0.2370872081409801 0.7791872702009691 0.04846568714488636 0.19132662080024762
0 0.5440343960848721 0.8318366795941129 0.0463775634765625 0.2403985528998036
0 0.9122927301580256 0.8698463648394809 0.06095431241122159 0.22477513714566258
0 0.47359648271040483 0.8171925362342042 0.05109405517578125 0.21098252593493852
0 0.5826932040127841 0.6784636283832821 0.024706809303977274 0.11984269605959699
0 0.2849909140846946 0.7366166453543908 0.03337027809836648 0.15468805865511867
0 0.3353175770152699 0.831922395633218 0.05628107244318182 0.24555585684020662
0 0.9125133722478693 0.8382517496744791 0.059603493430397725 0.15962494396772542
0 0.6921032159978693 0.7627674373772626 0.05330111416903409 0.17334067756360996
0 0.6364107444069602 0.7074338569015753 0.040682594992897725 0.16166737040535348
0 0.2370872081409801 0.7791872702009691 0.04846568714488636 0.19132662080024762
0 0.5440343960848721 0.8318366795941129 0.0463775634765625 0.2403985528998036
0 0.9122927301580256 0.8698463648394809 0.06095431241122159 0.22477513714566258
0 0.47359648271040483 0.8171925362342042 0.05109405517578125 0.21098252593493852
0 0.5826932040127841 0.6784636283832821 0.024706809303977274 0.11984269605959699
0 0.2849909140846946 0.7366166453543908 0.03337027809836648 0.15468805865511867
0 0.3353175770152699 0.831922395633218 0.05628107244318182 0.24555585684020662
0 0.9125133722478693 0.8382517496744791 0.059603493430397725 0.15962494396772542
0 0.6921032159978693 0.7627674373772626 0.05330111416903409 0.17334067756360996
0 0.6364107444069602 0.7074338569015753 0.040682594992897725 0.16166737040535348
0 0.2370872081409801 0.7791872702009691 0.04846568714488636 0.19132662080024762
0 0.5440343960848721 0.8318366795941129 0.0463775634765625 0.2403985528998036
0 0.9122927301580256 0.8698463648394809 0.06095431241122159 0.22477513714566258
0 0.47359648271040483 0.8171925362342042 0.05109405517578125 0.21098252593493852
0 0.5826932040127841 0.6784636283832821 0.024706809303977274 0.11984269605959699
0 0.2849909140846946 0.7366166453543908 0.03337027809836648 0.15468805865511867
0 0.3353175770152699 0.831922395633218 0.05628107244318182 0.24555585684020662
0 0.9125133722478693 0.8382517496744791 0.059603493430397725 0.15962494396772542
0 0.6921032159978693 0.7627674373772626 0.05330111416903409 0.17334067756360996
0 0.6364107444069602 0.7074338569015753 0.040682594992897725 0.16166737040535348
0 0.2370872081409801 0.7791872702009691 0.04846568714488636 0.19132662080024762
0 0.5440343960848721 0.8318366795941129 0.0463775634765625 0.2403985528998036
0 0.9122927301580256 0.8698463648394809 0.06095431241122159 0.22477513714566258
0 0.47359648271040483 0.8171925362342042 0.05109405517578125 0.21098252593493852
0 0.5826932040127841 0.6784636283832821 0.024706809303977274 0.11984269605959699
0 0.2849909140846946 0.7366166453543908 0.03337027809836648 0.15468805865511867
0 0.3353175770152699 0.831922395633218 0.05628107244318182 0.24555585684020662
0 0.9125133722478693 0.8382517496744791 0.059603493430397725 0.15962494396772542
0 0.6921032159978693 0.7627674373772626 0.05330111416903409 0.17334067756360996
0 0.6364107444069602 0.7074338569015753 0.040682594992897725 0.16166737040535348
0 0.2370872081409801 0.7791872702009691 0.04846568714488636 0.19132662080024762
0 0.5440343960848721 0.8318366795941129 0.0463775634765625 0.2403985528998036
0 0.9122927301580256 0.8698463648394809 0.06095431241122159 0.22477513714566258
0 0.47359648271040483 0.8171925362342042 0.05109405517578125 0.21098252593493852
0 0.5826932040127841 0.6784636283832821 0.024706809303977274 0.11984269605959699
0 0.2849909140846946 0.7366166453543908 0.03337027809836648 0.15468805865511867
0 0.3353175770152699 0.831922395633218 0.05628107244318182 0.24555585684020662
0 0.9125133722478693 0.8382517496744791 0.059603493430397725 0.15962494396772542
0 0.6921032159978693 0.7627674373772626 0.05330111416903409 0.17334067756360996
0 0.6364107444069602 0.7074338569015753 0.040682594992897725 0.16166737040535348
0 0.2370872081409801 0.7791872702009691 0.04846568714488636 0.19132662080024762
0 0.5440343960848721 0.8318366795941129 0.0463775634765625 0.2403985528998036
0 0.9122927301580256 0.8698463648394809 0.06095431241122159 0.22477513714566258
0 0.47359648271040483 0.8171925362342042 0.05109405517578125 0.21098252593493852
0 0.5826932040127841 0.6784636283832821 0.024706809303977274 0.11984269605959699
0 0.2849909140846946 0.7366166453543908 0.03337027809836648 0.15468805865511867
0 0.3353175770152699 0.831922395633218 0.05628107244318182 0.24555585684020662
0 0.9125133722478693 0.8382517496744791 0.059603493430397725 0.15962494396772542
0 0.6921032159978693 0.7627674373772626 0.05330111416903409 0.17334067756360996
0 0.6364107444069602 0.7074338569015753 0.040682594992897725 0.16166737040535348
0 0.2370872081409801 0.7791872702009691 0.04846568714488636 0.19132662080024762
0 0.5440343960848721 0.8318366795941129 0.0463775634765625 0.2403985528998036
0 0.9122927301580256 0.8698463648394809 0.06095431241122159 0.22477513714566258
0 0.47359648271040483 0.8171925362342042 0.05109405517578125 0.21098252593493852
0 0.5826932040127841 0.6784636283832821 0.024706809303977274 0.11984269605959699
0 0.2849909140846946 0.7366166453543908 0.03337027809836648 0.15468805865511867
0 0.3353175770152699 0.831922395633218 0.05628107244318182 0.24555585684020662
0 0.9125133722478693 0.8382517496744791 0.059603493430397725 0.15962494396772542
0 0.6921032159978693 0.7627674373772626 0.05330111416903409 0.17334067756360996
0 0.6364107444069602 0.7074338569015753 0.040682594992897725 0.16166737040535348
0 0.2370872081409801 0.7791872702009691 0.04846568714488636 0.19132662080024762
0 0.5440343960848721 0.8318366795941129 0.0463775634765625 0.2403985528998036
0 0.9122927301580256 0.8698463648394809 0.06095431241122159 0.22477513714566258
0 0.47359648271040483 0.8171925362342042 0.05109405517578125 0.21098252593493852
0 0.5826932040127841 0.6784636283832821 0.024706809303977274 0.11984269605959699
0 0.2849909140846946 0.7366166453543908 0.03337027809836648 0.15468805865511867
0 0.3353175770152699 0.831922395633218 0.05628107244318182 0.24555585684020662
0 0.9125133722478693 0.8382517496744791 0.059603493430397725 0.15962494396772542
