0 0.23499713550914417 0.6414666723032467 0.1297770136052912 0.3860780059314165
0 0.7823297674005681 0.6556227428665578 0.07764970259232955 0.3801624318941043
0 0.671536865234375 0.6159778449053321 0.08409157492897727 0.37364947209592725
0 0.13481494209983133 0.5942806598267268 0.089541147405451 0.2894323380267034
0 0.4939815313165838 0.5757677255432463 0.06376412131569602 0.2374324277450478
0 0.922684326171875 0.6056439759301357 0.10485617897727273 0.27027542864690063
2 0.2553847919810902 0.5074060367104786 0.1703751581365412 0.1403748142263277
0 0.8604334050958807 0.5988849368903155 0.08248956853693182 0.24091347449464226
0 0.6002308793501421 0.6356483834688781 0.0982421875 0.2577551336236339
0 0.37646745161576706 0.5591862371059063 0.055083118785511365 0.18115421983062244
2 0.28850079623135655 0.5092066572012146 0.10767630837180397 0.1287565387663294
0 0.38936062899502843 0.5586021298267803 0.05631503018465909 0.18184766091935622
0 0.5757217407226562 0.5934949989527301 0.05643138538707387 0.21950280861776383
0 0.23499713550914417 0.6414666723032467 0.1297770136052912 0.3860780059314165
0 0.7823297674005681 0.6556227428665578 0.07764970259232955 0.3801624318941043
0 0.671536865234375 0.6159778449053321 0.08409157492897727 0.37364947209592725
0 0.13481494209983133 0.5942806598267268 0.089541147405451 0.2894323380267034
0 0.4939815313165838 0.5757677255432463 0.06376412131569602 0.2374324277450478
0 0.922684326171875 0.6056439759301357 0.10485617897727273 0.27027542864690063
1 0.2553847919810902 0.5074060367104786 0.1703751581365412 0.1403748142263277
0 0.8604334050958807 0.5988849368903155 0.08248956853693182 0.24091347449464226
0 0.6002308793501421 0.6356483834688781 0.0982421875 0.2577551336236339
0 0.37646745161576706 0.5591862371059063 0.055083118785511365 0.18115421983062244
1 0.28850079623135655 0.5092066572012146 0.10767630837180397 0.1287565387663294
0 0.38936062899502843 0.5586021298267803 0.05631503018465909 0.18184766091935622
0 0.5757217407226562 0.5934949989527301 0.05643138538707387 0.21950280861776383
0 0.23499713550914417 0.6414666723032467 0.1297770136052912 0.3860780059314165
0 0.7823297674005681 0.6556227428665578 0.07764970259232955 0.3801624318941043
0 0.671536865234375 0.6159778449053321 0.08409157492897727 0.37364947209592725
0 0.13481494209983133 0.5942806598267268 0.089541147405451 0.2894323380267034
0 0.4939815313165838 0.5757677255432463 0.06376412131569602 0.2374324277450478
0 0.922684326171875 0.6056439759301357 0.10485617897727273 0.27027542864690063
1 0.2553847919810902 0.5074060367104786 0.1703751581365412 0.1403748142263277
0 0.8604334050958807 0.5988849368903155 0.08248956853693182 0.24091347449464226
0 0.6002308793501421 0.6356483834688781 0.0982421875 0.2577551336236339
0 0.37646745161576706 0.5591862371059063 0.055083118785511365 0.18115421983062244
1 0.28850079623135655 0.5092066572012146 0.10767630837180397 0.1287565387663294
0 0.38936062899502843 0.5586021298267803 0.05631503018465909 0.18184766091935622
0 0.5757217407226562 0.5934949989527301 0.05643138538707387 0.21950280861776383
0 0.23499713550914417 0.6414666723032467 0.1297770136052912 0.3860780059314165
0 0.7823297674005681 0.6556227428665578 0.07764970259232955 0.3801624318941043
0 0.671536865234375 0.6159778449053321 0.08409157492897727 0.37364947209592725
0 0.13481494209983133 0.5942806598267268 0.089541147405451 0.2894323380267034
0 0.4939815313165838 0.5757677255432463 0.06376412131569602 0.2374324277450478
0 0.922684326171875 0.6056439759301357 0.10485617897727273 0.27027542864690063
1 0.2553847919810902 0.5074060367104786 0.1703751581365412 0.1403748142263277
0 0.8604334050958807 0.5988849368903155 0.08248956853693182 0.24091347449464226
0 0.6002308793501421 0.6356483834688781 0.0982421875 0.2577551336236339
0 0.37646745161576706 0.5591862371059063 0.055083118785511365 0.18115421983062244
1 0.28850079623135655 0.5092066572012146 0.10767630837180397 0.1287565387663294
0 0.38936062899502843 0.5586021298267803 0.05631503018465909 0.18184766091935622
0 0.5757217407226562 0.5934949989527301 0.05643138538707387 0.21950280861776383
0 0.23499713550914417 0.6414666723032467 0.1297770136052912 0.3860780059314165
0 0.7823297674005681 0.6556227428665578 0.07764970259232955 0.3801624318941043
0 0.671536865234375 0.6159778449053321 0.08409157492897727 0.37364947209592725
0 0.13481494209983133 0.5942806598267268 0.089541147405451 0.2894323380267034
0 0.4939815313165838 0.5757677255432463 0.06376412131569602 0.2374324277450478
0 0.922684326171875 0.6056439759301357 0.10485617897727273 0.27027542864690063
1 0.2553847919810902 0.5074060367104786 0.1703751581365412 0.1403748142263277
0 0.8604334050958807 0.5988849368903155 0.08248956853693182 0.24091347449464226
0 0.6002308793501421 0.6356483834688781 0.0982421875 0.2577551336236339
0 0.37646745161576706 0.5591862371059063 0.055083118785511365 0.18115421983062244
1 0.28850079623135655 0.5092066572012146 0.10767630837180397 0.1287565387663294
0 0.38936062899502843 0.5586021298267803 0.05631503018465909 0.18184766091935622
0 0.5757217407226562 0.5934949989527301 0.05643138538707387 0.21950280861776383
0 0.23499713550914417 0.6414666723032467 0.1297770136052912 0.3860780059314165
0 0.7823297674005681 0.6556227428665578 0.07764970259232955 0.3801624318941043
0 0.671536865234375 0.6159778449053321 0.08409157492897727 0.37364947209592725
0 0.13481494209983133 0.5942806598267268 0.089541147405451 0.2894323380267034
0 0.4939815313165838 0.5757677255432463 0.06376412131569602 0.2374324277450478
0 0.922684326171875 0.6056439759301357 0.10485617897727273 0.27027542864690063
1 0.2553847919810902 0.5074060367104786 0.1703751581365412 0.1403748142263277
0 0.8604334050958807 0.5988849368903155 0.08248956853693182 0.24091347449464226
0 0.6002308793501421 0.6356483834688781 0.0982421875 0.2577551336236339
0 0.37646745161576706 0.5591862371059063 0.055083118785511365 0.18115421983062244
1 0.28850079623135655 0.5092066572012146 0.10767630837180397 0.1287565387663294
0 0.38936062899502843 0.5586021298267803 0.05631503018465909 0.18184766091935622
0 0.5757217407226562 0.5934949989527301 0.05643138538707387 0.21950280861776383
0 0.23499713550914417 0.6414666723032467 0.1297770136052912 0.3860780059314165
0 0.7823297674005681 0.6556227428665578 0.07764970259232955 0.3801624318941043
0 0.671536865234375 0.6159778449053321 0.08409157492897727 0.37364947209592725
0 0.13481494209983133 0.5942806598267268 0.089541147405451 0.2894323380267034
0 0.4939815313165838 0.5757677255432463 0.06376412131569602 0.2374324277450478
0 0.922684326171875 0.6056439759301357 0.10485617897727273 0.27027542864690063
1 0.2553847919810902 0.5074060367104786 0.1703751581365412 0.1403748142263277
0 0.8604334050958807 0.5988849368903155 0.08248956853693182 0.24091347449464226
0 0.6002308793501421 0.6356483834688781 0.0982421875 0.2577551336236339
0 0.37646745161576706 0.5591862371059063 0.055083118785511365 0.18115421983062244
1 0.28850079623135655 0.5092066572012146 0.10767630837180397 0.1287565387663294
0 0.38936062899502843 0.5586021298267803 0.05631503018465909 0.18184766091935622
0 0.5757217407226562 0.5934949989527301 0.05643138538707387 0.21950280861776383
0 0.23499713550914417 0.6414666723032467 0.1297770136052912 0.3860780059314165
0 0.7823297674005681 0.6556227428665578 0.07764970259232955 0.3801624318941043
0 0.671536865234375 0.6159778449053321 0.08409157492897727 0.37364947209592725
0 0.13481494209983133 0.5942806598267268 0.089541147405451 0.2894323380267034
0 0.4939815313165838 0.5757677255432463 0.06376412131569602 0.2374324277450478
0 0.922684326171875 0.6056439759301357 0.10485617897727273 0.27027542864690063
1 0.2553847919810902 0.5074060367104786 0.1703751581365412 0.1403748142263277
0 0.8604334050958807 0.5988849368903155 0.08248956853693182 0.24091347449464226
0 0.6002308793501421 0.6356483834688781 0.0982421875 0.2577551336236339
0 0.37646745161576706 0.5591862371059063 0.055083118785511365 0.18115421983062244
1 0.28850079623135655 0.5092066572012146 0.10767630837180397 0.1287565387663294
0 0.38936062899502843 0.5586021298267803 0.05631503018465909 0.18184766091935622
0 0.5757217407226562 0.5934949989527301 0.05643138538707387 0.21950280861776383
0 0.23499713550914417 0.6414666723032467 0.1297770136052912 0.3860780059314165
0 0.7823297674005681 0.6556227428665578 0.07764970259232955 0.3801624318941043
0 0.671536865234375 0.6159778449053321 0.08409157492897727 0.37364947209592725
0 0.13481494209983133 0.5942806598267268 0.089541147405451 0.2894323380267034
0 0.4939815313165838 0.5757677255432463 0.06376412131569602 0.2374324277450478
0 0.922684326171875 0.6056439759301357 0.10485617897727273 0.27027542864690063
1 0.2553847919810902 0.5074060367104786 0.1703751581365412 0.1403748142263277
0 0.8604334050958807 0.5988849368903155 0.08248956853693182 0.24091347449464226
0 0.6002308793501421 0.6356483834688781 0.0982421875 0.2577551336236339
0 0.37646745161576706 0.5591862371059063 0.055083118785511365 0.18115421983062244
1 0.28850079623135655 0.5092066572012146 0.10767630837180397 0.1287565387663294
0 0.38936062899502843 0.5586021298267803 0.05631503018465909 0.18184766091935622
0 0.5757217407226562 0.5934949989527301 0.05643138538707387 0.21950280861776383
0 0.23499713550914417 0.6414666723032467 0.1297770136052912 0.3860780059314165
0 0.7823297674005681 0.6556227428665578 0.07764970259232955 0.3801624318941043
0 0.671536865234375 0.6159778449053321 0.08409157492897727 0.37364947209592725
0 0.13481494209983133 0.5942806598267268 0.089541147405451 0.2894323380267034
0 0.4939815313165838 0.5757677255432463 0.06376412131569602 0.2374324277450478
0 0.922684326171875 0.6056439759301357 0.10485617897727273 0.27027542864690063
1 0.2553847919810902 0.5074060367104786 0.1703751581365412 0.1403748142263277
0 0.8604334050958807 0.5988849368903155 0.08248956853693182 0.24091347449464226
0 0.6002308793501421 0.6356483834688781 0.0982421875 0.2577551336236339
0 0.37646745161576706 0.5591862371059063 0.055083118785511365 0.18115421983062244
1 0.28850079623135655 0.5092066572012146 0.10767630837180397 0.1287565387663294
0 0.38936062899502843 0.5586021298267803 0.05631503018465909 0.18184766091935622
0 0.5757217407226562 0.5934949989527301 0.05643138538707387 0.21950280861776383
