0 0.658262167403947 0.5401275817384111 0.1338430376195196 0.5056844467812396
2 0.4874741426154749 0.33319670088747716 0.19173690454283757 0.15497406492842006
2 0.15120515894533984 0.2978134053818723 0.12017370337870584 0.09703203972349776
2 0.13082968299068623 0.29848407177214925 0.07889215270085122 0.09711123527364528
0 0.658262167403947 0.5401275817384111 0.1338430376195196 0.5056844467812396
1 0.4874741426154749 0.33319670088747716 0.19173690454283757 0.15497406492842006
1 0.15120515894533984 0.2978134053818723 0.12017370337870584 0.09703203972349776
1 0.13082968299068623 0.29848407177214925 0.07889215270085122 0.09711123527364528
0 0.658262167403947 0.5401275817384111 0.1338430376195196 0.5056844467812396
1 0.4874741426154749 0.33319670088747716 0.19173690454283757 0.15497406492842006
1 0.15120515894533984 0.2978134053818723 0.12017370337870584 0.09703203972349776
1 0.13082968299068623 0.29848407177214925 0.07889215270085122 0.09711123527364528
0 0.658262167403947 0.5401275817384111 0.1338430376195196 0.5056844467812396
1 0.4874741426154749 0.33319670088747716 0.19173690454283757 0.15497406492842006
1 0.15120515894533984 0.2978134053818723 0.12017370337870584 0.09703203972349776
1 0.13082968299068623 0.29848407177214925 0.07889215270085122 0.09711123527364528
0 0.658262167403947 0.5401275817384111 0.1338430376195196 0.5056844467812396
1 0.4874741426154749 0.33319670088747716 0.19173690454283757 0.15497406492842006
1 0.15120515894533984 0.2978134053818723 0.12017370337870584 0.09703203972349776
1 0.13082968299068623 0.29848407177214925 0.07889215270085122 0.09711123527364528
0 0.658262167403947 0.5401275817384111 0.1338430376195196 0.5056844467812396
1 0.4874741426154749 0.33319670088747716 0.19173690454283757 0.15497406492842006
1 0.15120515894533984 0.2978134053818723 0.12017370337870584 0.09703203972349776
1 0.13082968299068623 0.29848407177214925 0.07889215270085122 0.09711123527364528
0 0.658262167403947 0.5401275817384111 0.1338430376195196 0.5056844467812396
1 0.4874741426154749 0.33319670088747716 0.19173690454283757 0.15497406492842006
1 0.15120515894533984 0.2978134053818723 0.12017370337870584 0.09703203972349776
1 0.13082968299068623 0.29848407177214925 0.07889215270085122 0.09711123527364528
0 0.658262167403947 0.5401275817384111 0.1338430376195196 0.5056844467812396
1 0.4874741426154749 0.33319670088747716 0.19173690454283757 0.15497406492842006
1 0.15120515894533984 0.2978134053818723 0.12017370337870584 0.09703203972349776
1 0.13082968299068623 0.29848407177214925 0.07889215270085122 0.09711123527364528
0 0.658262167403947 0.5401275817384111 0.1338430376195196 0.5056844467812396
1 0.4874741426154749 0.33319670088747716 0.19173690454283757 0.15497406492842006
1 0.15120515894533984 0.2978134053818723 0.12017370337870584 0.09703203972349776
1 0.13082968299068623 0.29848407177214925 0.07889215270085122 0.09711123527364528
0 0.658262167403947 0.5401275817384111 0.1338430376195196 0.5056844467812396
1 0.4874741426154749 0.33319670088747716 0.19173690454283757 0.15497406492842006
1 0.15120515894533984 0.2978134053818723 0.12017370337870584 0.09703203972349776
1 0.13082968299068623 0.29848407177214925 0.07889215270085122 0.09711123527364528
