0 0.5287878755210103 0.530198435965783 0.22996363432511038 0.7144354314751964
2 0.17888092649155768 0.4119704095392279 0.22399147697117017 0.27777460233761314
2 0.3576651172361512 0.40105367358265026 0.055044948190882584 0.14038761326524077
2 0.4055101007655047 0.3941844252289319 0.04895409293796705 0.11166023296085212
2 0.306393015211907 0.4113630492830537 0.08787544913913893 0.19771567589598274
0 0.5287878755210103 0.530198435965783 0.22996363432511038 0.7144354314751964
1 0.17888092649155768 0.4119704095392279 0.22399147697117017 0.27777460233761314
1 0.3576651172361512 0.40105367358265026 0.055044948190882584 0.14038761326524077
1 0.4055101007655047 0.3941844252289319 0.04895409293796705 0.11166023296085212
1 0.306393015211907 0.4113630492830537 0.08787544913913893 0.19771567589598274
0 0.5287878755210103 0.530198435965783 0.22996363432511038 0.7144354314751964
1 0.17888092649155768 0.4119704095392279 0.22399147697117017 0.27777460233761314
1 0.3576651172361512 0.40105367358265026 0.055044948190882584 0.14038761326524077
1 0.4055101007655047 0.3941844252289319 0.04895409293796705 0.11166023296085212
1 0.306393015211907 0.4113630492830537 0.08787544913913893 0.19771567589598274
0 0.5287878755210103 0.530198435965783 0.22996363432511038 0.7144354314751964
1 0.17888092649155768 0.4119704095392279 0.22399147697117017 0.27777460233761314
1 0.3576651172361512 0.40105367358265026 0.055044948190882584 0.14038761326524077
1 0.4055101007655047 0.3941844252289319 0.04895409293796705 0.11166023296085212
1 0.306393015211907 0.4113630492830537 0.08787544913913893 0.19771567589598274
0 0.5287878755210103 0.530198435965783 0.22996363432511038 0.7144354314751964
1 0.17888092649155768 0.4119704095392279 0.22399147697117017 0.27777460233761314
1 0.3576651172361512 0.40105367358265026 0.055044948190882584 0.14038761326524077
1 0.4055101007655047 0.3941844252289319 0.04895409293796705 0.11166023296085212
1 0.306393015211907 0.4113630492830537 0.08787544913913893 0.19771567589598274
0 0.5287878755210103 0.530198435965783 0.22996363432511038 0.7144354314751964
1 0.17888092649155768 0.4119704095392279 0.22399147697117017 0.27777460233761314
1 0.3576651172361512 0.40105367358265026 0.055044948190882584 0.14038761326524077
1 0.4055101007655047 0.3941844252289319 0.04895409293796705 0.11166023296085212
1 0.306393015211907 0.4113630492830537 0.08787544913913893 0.19771567589598274
0 0.5287878755210103 0.530198435965783 0.22996363432511038 0.7144354314751964
1 0.17888092649155768 0.4119704095392279 0.22399147697117017 0.27777460233761314
1 0.3576651172361512 0.40105367358265026 0.055044948190882584 0.14038761326524077
1 0.4055101007655047 0.3941844252289319 0.04895409293796705 0.11166023296085212
1 0.306393015211907 0.4113630492830537 0.08787544913913893 0.19771567589598274
0 0.5287878755210103 0.530198435965783 0.22996363432511038 0.7144354314751964
1 0.17888092649155768 0.4119704095392279 0.22399147697117017 0.27777460233761314
1 0.3576651172361512 0.40105367358265026 0.055044948190882584 0.14038761326524077
1 0.4055101007655047 0.3941844252289319 0.04895409293796705 0.11166023296085212
1 0.306393015211907 0.4113630492830537 0.08787544913913893 0.19771567589598274
0 0.5287878755210103 0.530198435965783 0.22996363432511038 0.7144354314751964
1 0.17888092649155768 0.4119704095392279 0.22399147697117017 0.27777460233761314
1 0.3576651172361512 0.40105367358265026 0.055044948190882584 0.14038761326524077
1 0.4055101007655047 0.3941844252289319 0.04895409293796705 0.11166023296085212
1 0.306393015211907 0.4113630492830537 0.08787544913913893 0.19771567589598274
0 0.5287878755210103 0.530198435965783 0.22996363432511038 0.7144354314751964
1 0.17888092649155768 0.4119704095392279 0.22399147697117017 0.27777460233761314
1 0.3576651172361512 0.40105367358265026 0.055044948190882584 0.14038761326524077
1 0.4055101007655047 0.3941844252289319 0.04895409293796705 0.11166023296085212
1 0.306393015211907 0.4113630492830537 0.08787544913913893 0.19771567589598274
