0 0.2723682472922585 0.6464135008431523 0.09740300958806818 0.31574270112918373
0 0.06984644196250223 0.6579591302923817 0.10204573024402966 0.35407832411469004
0 0.1288694901899858 0.6625191735439613 0.0708665605024858 0.3140927924484503
0 0.33345705899325284 0.632200897717085 0.07448397549715909 0.29330177515582306
0 0.8378044544566762 0.6720773665631403 0.06773870294744318 0.33568568828978823
0 0.6584742875532671 0.6643507285196273 0.10667458274147727 0.3311526189084913
0 0.9690212180397727 0.6807510084141799 0.057820490056818184 0.31893808333600154
2 0.2969087635387074 0.6084147177107347 0.29159196333451703 0.23596737554164532
0 0.7255473466352983 0.6481116456412227 0.06778081720525568 0.28573508340804304
0 0.5346264093572444 0.6558511035689891 0.06751387162642046 0.2781046883004611
0 0.45665890780362217 0.6466620606802852 0.09303505637428977 0.31670308764515026
0 0.5861135586825285 0.6699165802835767 0.06515935724431818 0.29946574226754613
2 0.3848253839666193 0.5980466415321892 0.11341819069602273 0.21152467154414276
0 0.889086747602983 0.6533346332487513 0.06558127663352273 0.3270929472042563
2 0.5580322543057529 0.5223816001350111 0.09793218439275568 0.10470831198770492
2 0.8883250011097301 0.4826726444431993 0.22251015403053978 0.10996150449325479
0 0.9356442815607244 0.6350491841634115 0.04098416415127841 0.29620865785359035
0 0.2723682472922585 0.6464135008431523 0.09740300958806818 0.31574270112918373
0 0.06984644196250223 0.6579591302923817 0.10204573024402966 0.35407832411469004
0 0.1288694901899858 0.6625191735439613 0.0708665605024858 0.3140927924484503
0 0.33345705899325284 0.632200897717085 0.07448397549715909 0.29330177515582306
0 0.8378044544566762 0.6720773665631403 0.06773870294744318 0.33568568828978823
0 0.6584742875532671 0.6643507285196273 0.10667458274147727 0.3311526189084913
0 0.9690212180397727 0.6807510084141799 0.057820490056818184 0.31893808333600154
1 0.2969087635387074 0.6084147177107347 0.29159196333451703 0.23596737554164532
0 0.7255473466352983 0.6481116456412227 0.06778081720525568 0.28573508340804304
0 0.5346264093572444 0.6558511035689891 0.06751387162642046 0.2781046883004611
0 0.45665890780362217 0.6466620606802852 0.09303505637428977 0.31670308764515026
0 0.5861135586825285 0.6699165802835767 0.06515935724431818 0.29946574226754613
1 0.3848253839666193 0.5980466415321892 0.11341819069602273 0.21152467154414276
0 0.889086747602983 0.6533346332487513 0.06558127663352273 0.3270929472042563
1 0.5580322543057529 0.5223816001350111 0.09793218439275568 0.10470831198770492
1 0.8883250011097301 0.4826726444431993 0.22251015403053978 0.10996150449325479
0 0.9356442815607244 0.6350491841634115 0.04098416415127841 0.29620865785359035
0 0.2723682472922585 0.6464135008431523 0.09740300958806818 0.31574270112918373
0 0.06984644196250223 0.6579591302923817 0.10204573024402966 0.35407832411469004
0 0.1288694901899858 0.6625191735439613 0.0708665605024858 0.3140927924484503
0 0.33345705899325284 0.632200897717085 0.07448397549715909 0.29330177515582306
0 0.8378044544566762 0.6720773665631403 0.06773870294744318 0.33568568828978823
0 0.6584742875532671 0.6643507285196273 0.10667458274147727 0.3311526189084913
0 0.9690212180397727 0.6807510084141799 0.057820490056818184 0.31893808333600154
1 0.2969087635387074 0.6084147177107347 0.29159196333451703 0.23596737554164532
0 0.7255473466352983 0.6481116456412227 0.06778081720525568 0.28573508340804304
0 0.5346264093572444 0.6558511035689891 0.06751387162642046 0.2781046883004611
0 0.45665890780362217 0.6466620606802852 0.09303505637428977 0.31670308764515026
0 0.5861135586825285 0.6699165802835767 0.06515935724431818 0.29946574226754613
1 0.3848253839666193 0.5980466415321892 0.11341819069602273 0.21152467154414276
0 0.889086747602983 0.6533346332487513 0.06558127663352273 0.3270929472042563
1 0.5580322543057529 0.5223816001350111 0.09793218439275568 0.10470831198770492
1 0.8883250011097301 0.4826726444431993 0.22251015403053978 0.10996150449325479
0 0.9356442815607244 0.6350491841634115 0.04098416415127841 0.29620865785359035
0 0.2723682472922585 0.6464135008431523 0.09740300958806818 0.31574270112918373
0 0.06984644196250223 0.6579591302923817 0.10204573024402966 0.35407832411469004
0 0.1288694901899858 0.6625191735439613 0.0708665605024858 0.3140927924484503
0 0.33345705899325284 0.632200897717085 0.07448397549715909 0.29330177515582306
0 0.8378044544566762 0.6720773665631403 0.06773870294744318 0.33568568828978823
0 0.6584742875532671 0.6643507285196273 0.10667458274147727 0.3311526189084913
0 0.9690212180397727 0.6807510084141799 0.057820490056818184 0.31893808333600154
1 0.2969087635387074 0.6084147177107347 0.29159196333451703 0.23596737554164532
0 0.7255473466352983 0.6481116456412227 0.06778081720525568 0.28573508340804304
0 0.5346264093572444 0.6558511035689891 0.06751387162642046 0.2781046883004611
0 0.45665890780362217 0.6466620606802852 0.09303505637428977 0.31670308764515026
0 0.5861135586825285 0.6699165802835767 0.06515935724431818 0.29946574226754613
1 0.3848253839666193 0.5980466415321892 0.11341819069602273 0.21152467154414276
0 0.889086747602983 0.6533346332487513 0.06558127663352273 0.3270929472042563
1 0.5580322543057529 0.5223816001350111 0.09793218439275568 0.10470831198770492
1 0.8883250011097301 0.4826726444431993 0.22251015403053978 0.10996150449325479
0 0.9356442815607244 0.6350491841634115 0.04098416415127841 0.29620865785359035
0 0.2723682472922585 0.6464135008431523 0.09740300958806818 0.31574270112918373
0 0.06984644196250223 0.6579591302923817 0.10204573024402966 0.35407832411469004
0 0.1288694901899858 0.6625191735439613 0.0708665605024858 0.3140927924484503
0 0.33345705899325284 0.632200897717085 0.07448397549715909 0.29330177515582306
0 0.8378044544566762 0.6720773665631403 0.06773870294744318 0.33568568828978823
0 0.6584742875532671 0.6643507285196273 0.10667458274147727 0.3311526189084913
0 0.9690212180397727 0.6807510084141799 0.057820490056818184 0.31893808333600154
1 0.2969087635387074 0.6084147177107347 0.29159196333451703 0.23596737554164532
0 0.7255473466352983 0.6481116456412227 0.06778081720525568 0.28573508340804304
0 0.5346264093572444 0.6558511035689891 0.06751387162642046 0.2781046883004611
0 0.45665890780362217 0.6466620606802852 0.09303505637428977 0.31670308764515026
0 0.5861135586825285 0.6699165802835767 0.06515935724431818 0.29946574226754613
1 0.3848253839666193 0.5980466415321892 0.11341819069602273 0.21152467154414276
0 0.889086747602983 0.6533346332487513 0.06558127663352273 0.3270929472042563
1 0.5580322543057529 0.5223816001350111 0.09793218439275568 0.10470831198770492
1 0.8883250011097301 0.4826726444431993 0.22251015403053978 0.10996150449325479
0 0.9356442815607244 0.6350491841634115 0.04098416415127841 0.29620865785359035
0 0.2723682472922585 0.6464135008431523 0.09740300958806818 0.31574270112918373
0 0.06984644196250223 0.6579591302923817 0.10204573024402966 0.35407832411469004
0 0.1288694901899858 0.6625191735439613 0.0708665605024858 0.3140927924484503
0 0.33345705899325284 0.632200897717085 0.07448397549715909 0.29330177515582306
0 0.8378044544566762 0.6720773665631403 0.06773870294744318 0.33568568828978823
0 0.6584742875532671 0.6643507285196273 0.10667458274147727 0.3311526189084913
0 0.9690212180397727 0.6807510084141799 0.057820490056818184 0.31893808333600154
1 0.2969087635387074 0.6084147177107347 0.29159196333451703 0.23596737554164532
0 0.7255473466352983 0.6481116456412227 0.06778081720525568 0.28573508340804304
0 0.5346264093572444 0.6558511035689891 0.06751387162642046 0.2781046883004611
0 0.45665890780362217 0.6466620606802852 0.09303505637428977 0.31670308764515026
0 0.5861135586825285 0.6699165802835767 0.06515935724431818 0.29946574226754613
1 0.3848253839666193 0.5980466415321892 0.11341819069602273 0.21152467154414276
0 0.889086747602983 0.6533346332487513 0.06558127663352273 0.3270929472042563
1 0.5580322543057529 0.5223816001350111 0.09793218439275568 0.10470831198770492
1 0.8883250011097301 0.4826726444431993 0.22251015403053978 0.10996150449325479
0 0.9356442815607244 0.6350491841634115 0.04098416415127841 0.29620865785359035
0 0.2723682472922585 0.6464135008431523 0.09740300958806818 0.31574270112918373
0 0.06984644196250223 0.6579591302923817 0.10204573024402966 0.35407832411469004
0 0.1288694901899858 0.6625191735439613 0.0708665605024858 0.3140927924484503
0 0.33345705899325284 0.632200897717085 0.07448397549715909 0.29330177515582306
0 0.8378044544566762 0.6720773665631403 0.06773870294744318 0.33568568828978823
0 0.6584742875532671 0.6643507285196273 0.10667458274147727 0.3311526189084913
0 0.9690212180397727 0.6807510084141799 0.057820490056818184 0.31893808333600154
1 0.2969087635387074 0.6084147177107347 0.29159196333451703 0.23596737554164532
0 0.7255473466352983 0.6481116456412227 0.06778081720525568 0.28573508340804304
0 0.5346264093572444 0.6558511035689891 0.06751387162642046 0.2781046883004611
0 0.45665890780362217 0.6466620606802852 0.09303505637428977 0.31670308764515026
0 0.5861135586825285 0.6699165802835767 0.06515935724431818 0.29946574226754613
1 0.3848253839666193 0.5980466415321892 0.11341819069602273 0.21152467154414276
0 0.889086747602983 0.6533346332487513 0.06558127663352273 0.3270929472042563
1 0.5580322543057529 0.5223816001350111 0.09793218439275568 0.10470831198770492
1 0.8883250011097301 0.4826726444431993 0.22251015403053978 0.10996150449325479
0 0.9356442815607244 0.6350491841634115 0.04098416415127841 0.29620865785359035
0 0.2723682472922585 0.6464135008431523 0.09740300958806818 0.31574270112918373
0 0.06984644196250223 0.6579591302923817 0.10204573024402966 0.35407832411469004
0 0.1288694901899858 0.6625191735439613 0.0708665605024858 0.3140927924484503
0 0.33345705899325284 0.632200897717085 0.07448397549715909 0.29330177515582306
0 0.8378044544566762 0.6720773665631403 0.06773870294744318 0.33568568828978823
0 0.6584742875532671 0.6643507285196273 0.10667458274147727 0.3311526189084913
0 0.9690212180397727 0.6807510084141799 0.057820490056818184 0.31893808333600154
1 0.2969087635387074 0.6084147177107347 0.29159196333451703 0.23596737554164532
0 0.7255473466352983 0.6481116456412227 0.06778081720525568 0.28573508340804304
0 0.5346264093572444 0.6558511035689891 0.06751387162642046 0.2781046883004611
0 0.45665890780362217 0.6466620606802852 0.09303505637428977 0.31670308764515026
0 0.5861135586825285 0.6699165802835767 0.06515935724431818 0.29946574226754613
1 0.3848253839666193 0.5980466415321892 0.11341819069602273 0.21152467154414276
0 0.889086747602983 0.6533346332487513 0.06558127663352273 0.3270929472042563
1 0.5580322543057529 0.5223816001350111 0.09793218439275568 0.10470831198770492
1 0.8883250011097301 0.4826726444431993 0.22251015403053978 0.10996150449325479
0 0.9356442815607244 0.6350491841634115 0.04098416415127841 0.29620865785359035
0 0.2723682472922585 0.6464135008431523 0.09740300958806818 0.31574270112918373
0 0.06984644196250223 0.6579591302923817 0.10204573024402966 0.35407832411469004
0 0.1288694901899858 0.6625191735439613 0.0708665605024858 0.3140927924484503
0 0.33345705899325284 0.632200897717085 0.07448397549715909 0.29330177515582306
0 0.8378044544566762 0.6720773665631403 0.06773870294744318 0.33568568828978823
0 0.6584742875532671 0.6643507285196273 0.10667458274147727 0.3311526189084913
0 0.9690212180397727 0.6807510084141799 0.057820490056818184 0.31893808333600154
1 0.2969087635387074 0.6084147177107347 0.29159196333451703 0.23596737554164532
0 0.7255473466352983 0.6481116456412227 0.06778081720525568 0.28573508340804304
0 0.5346264093572444 0.6558511035689891 0.06751387162642046 0.2781046883004611
0 0.45665890780362217 0.6466620606802852 0.09303505637428977 0.31670308764515026
0 0.5861135586825285 0.6699165802835767 0.06515935724431818 0.29946574226754613
1 0.3848253839666193 0.5980466415321892 0.11341819069602273 0.21152467154414276
0 0.889086747602983 0.6533346332487513 0.06558127663352273 0.3270929472042563
1 0.5580322543057529 0.5223816001350111 0.09793218439275568 0.10470831198770492
1 0.8883250011097301 0.4826726444431993 0.22251015403053978 0.10996150449325479
0 0.9356442815607244 0.6350491841634115 0.04098416415127841 0.29620865785359035
0 0.2723682472922585 0.6464135008431523 0.09740300958806818 0.31574270112918373
0 0.06984644196250223 0.6579591302923817 0.10204573024402966 0.35407832411469004
0 0.1288694901899858 0.6625191735439613 0.0708665605024858 0.3140927924484503
0 0.33345705899325284 0.632200897717085 0.07448397549715909 0.29330177515582306
0 0.8378044544566762 0.6720773665631403 0.06773870294744318 0.33568568828978823
0 0.6584742875532671 0.6643507285196273 0.10667458274147727 0.3311526189084913
0 0.9690212180397727 0.6807510084141799 0.057820490056818184 0.31893808333600154
1 0.2969087635387074 0.6084147177107347 0.29159196333451703 0.23596737554164532
0 0.7255473466352983 0.6481116456412227 0.06778081720525568 0.28573508340804304
0 0.5346264093572444 0.6558511035689891 0.06751387162642046 0.2781046883004611
0 0.45665890780362217 0.6466620606802852 0.09303505637428977 0.31670308764515026
0 0.5861135586825285 0.6699165802835767 0.06515935724431818 0.29946574226754613
1 0.3848253839666193 0.5980466415321892 0.11341819069602273 0.21152467154414276
0 0.889086747602983 0.6533346332487513 0.06558127663352273 0.3270929472042563
1 0.5580322543057529 0.5223816001350111 0.09793218439275568 0.10470831198770492
1 0.8883250011097301 0.4826726444431993 0.22251015403053978 0.10996150449325479
0 0.9356442815607244 0.6350491841634115 0.04098416415127841 0.29620865785359035
