8 0.4603400334444913 0.5592899426736467 0.8551658803766424 0.5921873499135502
8 0.4973705101013184 0.4323962581613676 0.8892739833484996 0.31876254472576204
4 0.4603400334444913 0.5592899426736467 0.8551658803766424 0.5921873499135502
4 0.4973705101013184 0.4323962581613676 0.8892739833484996 0.31876254472576204
4 0.4603400334444913 0.5592899426736467 0.8551658803766424 0.5921873499135502
4 0.4973705101013184 0.4323962581613676 0.8892739833484996 0.31876254472576204
4 0.4603400334444913 0.5592899426736467 0.8551658803766424 0.5921873499135502
4 0.4973705101013184 0.4323962581613676 0.8892739833484996 0.31876254472576204
4 0.4603400334444913 0.5592899426736467 0.8551658803766424 0.5921873499135502
4 0.4973705101013184 0.4323962581613676 0.8892739833484996 0.31876254472576204
4 0.4603400334444913 0.5592899426736467 0.8551658803766424 0.5921873499135502
4 0.4973705101013184 0.4323962581613676 0.8892739833484996 0.31876254472576204
4 0.4603400334444913 0.5592899426736467 0.8551658803766424 0.5921873499135502
4 0.4973705101013184 0.4323962581613676 0.8892739833484996 0.31876254472576204
4 0.4603400334444913 0.5592899426736467 0.8551658803766424 0.5921873499135502
4 0.4973705101013184 0.4323962581613676 0.8892739833484996 0.31876254472576204
4 0.4603400334444913 0.5592899426736467 0.8551658803766424 0.5921873499135502
4 0.4973705101013184 0.4323962581613676 0.8892739833484996 0.31876254472576204
4 0.4603400334444913 0.5592899426736467 0.8551658803766424 0.5921873499135502
4 0.4973705101013184 0.4323962581613676 0.8892739833484996 0.31876254472576204
