0 0.4595435263893821 0.6685163362430093 0.22358129327947443 0.6469936266622908
2 0.9293762761896307 0.14456558488105817 0.13986516779119318 0.16058278214084645
0 0.3378747281161222 0.14515784008255422 0.04730901544744318 0.129624121827506
0 0.6397574684836648 0.06497166586703941 0.021125377308238637 0.07878645912545626
0 0.14791921788995915 0.17701103648201363 0.06320145346901633 0.1046454945548636
0 0.7111081210049716 0.0607397543276594 0.023974609375 0.08393157896448354
0 0.4595435263893821 0.6685163362430093 0.22358129327947443 0.6469936266622908
1 0.9293762761896307 0.14456558488105817 0.13986516779119318 0.16058278214084645
0 0.3378747281161222 0.14515784008255422 0.04730901544744318 0.129624121827506
0 0.6397574684836648 0.06497166586703941 0.021125377308238637 0.07878645912545626
0 0.14791921788995915 0.17701103648201363 0.06320145346901633 0.1046454945548636
0 0.7111081210049716 0.0607397543276594 0.023974609375 0.08393157896448354
0 0.4595435263893821 0.6685163362430093 0.22358129327947443 0.6469936266622908
1 0.9293762761896307 0.14456558488105817 0.13986516779119318 0.16058278214084645
0 0.3378747281161222 0.14515784008255422 0.04730901544744318 0.129624121827506
0 0.6397574684836648 0.06497166586703941 0.021125377308238637 0.07878645912545626
0 0.14791921788995915 0.17701103648201363 0.06320145346901633 0.1046454945548636
0 0.7111081210049716 0.0607397543276594 0.023974609375 0.08393157896448354
0 0.4595435263893821 0.6685163362430093 0.22358129327947443 0.6469936266622908
1 0.9293762761896307 0.14456558488105817 0.13986516779119318 0.16058278214084645
0 0.3378747281161222 0.14515784008255422 0.04730901544744318 0.129624121827506
0 0.6397574684836648 0.06497166586703941 0.021125377308238637 0.07878645912545626
0 0.14791921788995915 0.17701103648201363 0.06320145346901633 0.1046454945548636
0 0.7111081210049716 0.0607397543276594 0.023974609375 0.08393157896448354
0 0.4595435263893821 0.6685163362430093 0.22358129327947443 0.6469936266622908
1 0.9293762761896307 0.14456558488105817 0.13986516779119318 0.16058278214084645
0 0.3378747281161222 0.14515784008255422 0.04730901544744318 0.129624121827506
0 0.6397574684836648 0.06497166586703941 0.021125377308238637 0.07878645912545626
0 0.14791921788995915 0.17701103648201363 0.06320145346901633 0.1046454945548636
0 0.7111081210049716 0.0607397543276594 0.023974609375 0.08393157896448354
0 0.4595435263893821 0.6685163362430093 0.22358129327947443 0.6469936266622908
1 0.9293762761896307 0.14456558488105817 0.13986516779119318 0.16058278214084645
0 0.3378747281161222 0.14515784008255422 0.04730901544744318 0.129624121827506
0 0.6397574684836648 0.06497166586703941 0.021125377308238637 0.07878645912545626
0 0.14791921788995915 0.17701103648201363 0.06320145346901633 0.1046454945548636
0 0.7111081210049716 0.0607397543276594 0.023974609375 0.08393157896448354
0 0.4595435263893821 0.6685163362430093 0.22358129327947443 0.6469936266622908
1 0.9293762761896307 0.14456558488105817 0.13986516779119318 0.16058278214084645
0 0.3378747281161222 0.14515784008255422 0.04730901544744318 0.129624121827506
0 0.6397574684836648 0.06497166586703941 0.021125377308238637 0.07878645912545626
0 0.14791921788995915 0.17701103648201363 0.06320145346901633 0.1046454945548636
0 0.7111081210049716 0.0607397543276594 0.023974609375 0.08393157896448354
0 0.4595435263893821 0.6685163362430093 0.22358129327947443 0.6469936266622908
1 0.9293762761896307 0.14456558488105817 0.13986516779119318 0.16058278214084645
0 0.3378747281161222 0.14515784008255422 0.04730901544744318 0.129624121827506
0 0.6397574684836648 0.06497166586703941 0.021125377308238637 0.07878645912545626
0 0.14791921788995915 0.17701103648201363 0.06320145346901633 0.1046454945548636
0 0.7111081210049716 0.0607397543276594 0.023974609375 0.08393157896448354
0 0.4595435263893821 0.6685163362430093 0.22358129327947443 0.6469936266622908
1 0.9293762761896307 0.14456558488105817 0.13986516779119318 0.16058278214084645
0 0.3378747281161222 0.14515784008255422 0.04730901544744318 0.129624121827506
0 0.6397574684836648 0.06497166586703941 0.021125377308238637 0.07878645912545626
0 0.14791921788995915 0.17701103648201363 0.06320145346901633 0.1046454945548636
0 0.7111081210049716 0.0607397543276594 0.023974609375 0.08393157896448354
0 0.4595435263893821 0.6685163362430093 0.22358129327947443 0.6469936266622908
1 0.9293762761896307 0.14456558488105817 0.13986516779119318 0.16058278214084645
0 0.3378747281161222 0.14515784008255422 0.04730901544744318 0.129624121827506
0 0.6397574684836648 0.06497166586703941 0.021125377308238637 0.07878645912545626
0 0.14791921788995915 0.17701103648201363 0.06320145346901633 0.1046454945548636
0 0.7111081210049716 0.0607397543276594 0.023974609375 0.08393157896448354
