0 0.6961314041422021 0.48083553496439746 0.19831791279478844 0.8089488995303015
2 0.4583859295578477 0.3138101662799811 0.2609344624584506 0.30955417900328425
2 0.13078634265046682 0.3348608806634405 0.23099149828371796 0.33273665312748807
2 0.2662709218374691 0.27239846879509605 0.1430271101294097 0.2472398600001244
2 0.02466135883923643 0.2896438404253334 0.04932271767847286 0.24180369771969545
2 0.8780059814453125 0.14566578227243607 0.09839322107919254 0.08840966680247313
2 0.029113603119524368 0.1327530138052193 0.048105252825695534 0.06444961402066954
0 0.6961314041422021 0.48083553496439746 0.19831791279478844 0.8089488995303015
1 0.4583859295578477 0.3138101662799811 0.2609344624584506 0.30955417900328425
1 0.13078634265046682 0.3348608806634405 0.23099149828371796 0.33273665312748807
1 0.2662709218374691 0.27239846879509605 0.1430271101294097 0.2472398600001244
1 0.02466135883923643 0.2896438404253334 0.04932271767847286 0.24180369771969545
1 0.8780059814453125 0.14566578227243607 0.09839322107919254 0.08840966680247313
1 0.029113603119524368 0.1327530138052193 0.048105252825695534 0.06444961402066954
0 0.6961314041422021 0.48083553496439746 0.19831791279478844 0.8089488995303015
1 0.4583859295578477 0.3138101662799811 0.2609344624584506 0.30955417900328425
1 0.13078634265046682 0.3348608806634405 0.23099149828371796 0.33273665312748807
1 0.2662709218374691 0.27239846879509605 0.1430271101294097 0.2472398600001244
1 0.02466135883923643 0.2896438404253334 0.04932271767847286 0.24180369771969545
1 0.8780059814453125 0.14566578227243607 0.09839322107919254 0.08840966680247313
1 0.029113603119524368 0.1327530138052193 0.048105252825695534 0.06444961402066954
0 0.6961314041422021 0.48083553496439746 0.19831791279478844 0.8089488995303015
1 0.4583859295578477 0.3138101662799811 0.2609344624584506 0.30955417900328425
1 0.13078634265046682 0.3348608806634405 0.23099149828371796 0.33273665312748807
1 0.2662709218374691 0.27239846879509605 0.1430271101294097 0.2472398600001244
1 0.02466135883923643 0.2896438404253334 0.04932271767847286 0.24180369771969545
1 0.8780059814453125 0.14566578227243607 0.09839322107919254 0.08840966680247313
1 0.029113603119524368 0.1327530138052193 0.048105252825695534 0.06444961402066954
0 0.6961314041422021 0.48083553496439746 0.19831791279478844 0.8089488995303015
1 0.4583859295578477 0.3138101662799811 0.2609344624584506 0.30955417900328425
1 0.13078634265046682 0.3348608806634405 0.23099149828371796 0.33273665312748807
1 0.2662709218374691 0.27239846879509605 0.1430271101294097 0.2472398600001244
1 0.02466135883923643 0.2896438404253334 0.04932271767847286 0.24180369771969545
1 0.8780059814453125 0.14566578227243607 0.09839322107919254 0.08840966680247313
1 0.029113603119524368 0.1327530138052193 0.048105252825695534 0.06444961402066954
0 0.6961314041422021 0.48083553496439746 0.19831791279478844 0.8089488995303015
1 0.4583859295578477 0.3138101662799811 0.2609344624584506 0.30955417900328425
1 0.13078634265046682 0.3348608806634405 0.23099149828371796 0.33273665312748807
1 0.2662709218374691 0.27239846879509605 0.1430271101294097 0.2472398600001244
1 0.02466135883923643 0.2896438404253334 0.04932271767847286 0.24180369771969545
1 0.8780059814453125 0.14566578227243607 0.09839322107919254 0.08840966680247313
1 0.029113603119524368 0.1327530138052193 0.048105252825695534 0.06444961402066954
0 0.6961314041422021 0.48083553496439746 0.19831791279478844 0.8089488995303015
1 0.4583859295578477 0.3138101662799811 0.2609344624584506 0.30955417900328425
1 0.13078634265046682 0.3348608806634405 0.23099149828371796 0.33273665312748807
1 0.2662709218374691 0.27239846879509605 0.1430271101294097 0.2472398600001244
1 0.02466135883923643 0.2896438404253334 0.04932271767847286 0.24180369771969545
1 0.8780059814453125 0.14566578227243607 0.09839322107919254 0.08840966680247313
1 0.029113603119524368 0.1327530138052193 0.048105252825695534 0.06444961402066954
0 0.6961314041422021 0.48083553496439746 0.19831791279478844 0.8089488995303015
1 0.4583859295578477 0.3138101662799811 0.2609344624584506 0.30955417900328425
1 0.13078634265046682 0.3348608806634405 0.23099149828371796 0.33273665312748807
1 0.2662709218374691 0.27239846879509605 0.1430271101294097 0.2472398600001244
1 0.02466135883923643 0.2896438404253334 0.04932271767847286 0.24180369771969545
1 0.8780059814453125 0.14566578227243607 0.09839322107919254 0.08840966680247313
1 0.029113603119524368 0.1327530138052193 0.048105252825695534 0.06444961402066954
0 0.6961314041422021 0.48083553496439746 0.19831791279478844 0.8089488995303015
1 0.4583859295578477 0.3138101662799811 0.2609344624584506 0.30955417900328425
1 0.13078634265046682 0.3348608806634405 0.23099149828371796 0.33273665312748807
1 0.2662709218374691 0.27239846879509605 0.1430271101294097 0.2472398600001244
1 0.02466135883923643 0.2896438404253334 0.04932271767847286 0.24180369771969545
1 0.8780059814453125 0.14566578227243607 0.09839322107919254 0.08840966680247313
1 0.029113603119524368 0.1327530138052193 0.048105252825695534 0.06444961402066954
0 0.6961314041422021 0.48083553496439746 0.19831791279478844 0.8089488995303015
1 0.4583859295578477 0.3138101662799811 0.2609344624584506 0.30955417900328425
1 0.13078634265046682 0.3348608806634405 0.23099149828371796 0.33273665312748807
1 0.2662709218374691 0.27239846879509605 0.1430271101294097 0.2472398600001244
1 0.02466135883923643 0.2896438404253334 0.04932271767847286 0.24180369771969545
1 0.8780059814453125 0.14566578227243607 0.09839322107919254 0.08840966680247313
1 0.029113603119524368 0.1327530138052193 0.048105252825695534 0.06444961402066954
