2 0.7003934131969105 0.542240090708915 0.5180586103959517 0.46076721441550333
0 0.3988538776744496 0.5478587124517055 0.37350806496360084 0.8648263483099599
2 0.038214802742004395 0.26614601885686157 0.05234888683665882 0.06474860769803406
2 0.07317763241854582 0.24053873781298027 0.03357702775435014 0.044234520750619025
2 0.009238579733805223 0.28656328962148864 0.018419563499363988 0.10507952580686475
1 0.7003934131969105 0.542240090708915 0.5180586103959517 0.46076721441550333
0 0.3988538776744496 0.5478587124517055 0.37350806496360084 0.8648263483099599
1 0.038214802742004395 0.26614601885686157 0.05234888683665882 0.06474860769803406
1 0.07317763241854582 0.24053873781298027 0.03357702775435014 0.044234520750619025
1 0.009238579733805223 0.28656328962148864 0.018419563499363988 0.10507952580686475
1 0.7003934131969105 0.542240090708915 0.5180586103959517 0.46076721441550333
0 0.3988538776744496 0.5478587124517055 0.37350806496360084 0.8648263483099599
1 0.038214802742004395 0.26614601885686157 0.05234888683665882 0.06474860769803406
1 0.07317763241854582 0.24053873781298027 0.03357702775435014 0.044234520750619025
1 0.009238579733805223 0.28656328962148864 0.018419563499363988 0.10507952580686475
1 0.7003934131969105 0.542240090708915 0.5180586103959517 0.46076721441550333
0 0.3988538776744496 0.5478587124517055 0.37350806496360084 0.8648263483099599
1 0.038214802742004395 0.26614601885686157 0.05234888683665882 0.06474860769803406
1 0.07317763241854582 0.24053873781298027 0.03357702775435014 0.044234520750619025
1 0.009238579733805223 0.28656328962148864 0.018419563499363988 0.10507952580686475
1 0.7003934131969105 0.542240090708915 0.5180586103959517 0.46076721441550333
0 0.3988538776744496 0.5478587124517055 0.37350806496360084 0.8648263483099599
1 0.038214802742004395 0.26614601885686157 0.05234888683665882 0.06474860769803406
1 0.07317763241854582 0.24053873781298027 0.03357702775435014 0.044234520750619025
1 0.009238579733805223 0.28656328962148864 0.018419563499363988 0.10507952580686475
1 0.7003934131969105 0.542240090708915 0.5180586103959517 0.46076721441550333
0 0.3988538776744496 0.5478587124517055 0.37350806496360084 0.8648263483099599
1 0.038214802742004395 0.26614601885686157 0.05234888683665882 0.06474860769803406
1 0.07317763241854582 0.24053873781298027 0.03357702775435014 0.044234520750619025
1 0.009238579733805223 0.28656328962148864 0.018419563499363988 0.10507952580686475
1 0.7003934131969105 0.542240090708915 0.5180586103959517 0.46076721441550333
0 0.3988538776744496 0.5478587124517055 0.37350806496360084 0.8648263483099599
1 0.038214802742004395 0.26614601885686157 0.05234888683665882 0.06474860769803406
1 0.07317763241854582 0.24053873781298027 0.03357702775435014 0.044234520750619025
1 0.009238579733805223 0.28656328962148864 0.018419563499363988 0.10507952580686475
1 0.7003934131969105 0.542240090708915 0.5180586103959517 0.46076721441550333
0 0.3988538776744496 0.5478587124517055 0.37350806496360084 0.8648263483099599
1 0.038214802742004395 0.26614601885686157 0.05234888683665882 0.06474860769803406
1 0.07317763241854582 0.24053873781298027 0.03357702775435014 0.044234520750619025
1 0.009238579733805223 0.28656328962148864 0.018419563499363988 0.10507952580686475
1 0.7003934131969105 0.542240090708915 0.5180586103959517 0.46076721441550333
0 0.3988538776744496 0.5478587124517055 0.37350806496360084 0.8648263483099599
1 0.038214802742004395 0.26614601885686157 0.05234888683665882 0.06474860769803406
1 0.07317763241854582 0.24053873781298027 0.03357702775435014 0.044234520750619025
1 0.009238579733805223 0.28656328962148864 0.018419563499363988 0.10507952580686475
1 0.7003934131969105 0.542240090708915 0.5180586103959517 0.46076721441550333
0 0.3988538776744496 0.5478587124517055 0.37350806496360084 0.8648263483099599
1 0.038214802742004395 0.26614601885686157 0.05234888683665882 0.06474860769803406
1 0.07317763241854582 0.24053873781298027 0.03357702775435014 0.044234520750619025
1 0.009238579733805223 0.28656328962148864 0.018419563499363988 0.10507952580686475
