0 0.8980200982862904 0.7016286323406945 0.14315579322076613 0.5209709588735382
2 0.10275053208874117 0.6361149278886479 0.2045252646169355 0.1871672554250144
0 0.7223516156596522 0.7065287396951687 0.16045049851940524 0.5601522059528374
2 0.8021241464922505 0.6227427523560319 0.11365469655682964 0.193639509516991
0 0.5572965314311366 0.752670732743901 0.1342927502047631 0.4531993748951543
7 0.6913158539802797 0.5090993986539314 0.3914035427954889 0.41292050133453556
2 0.9593909478956654 0.6229504544310774 0.08011435231854838 0.22626200482889186
2 0.08867643783169409 0.5212697690249952 0.17696270365868846 0.09229957252923697
0 0.6690736093828755 0.7222201341500312 0.09832955637285787 0.502350181158335
0 0.7252267160723286 0.7024019393452837 0.11374905493951613 0.5459207172042753
0 0.8980200982862904 0.7016286323406945 0.14315579322076613 0.5209709588735382
1 0.10275053208874117 0.6361149278886479 0.2045252646169355 0.1871672554250144
0 0.7223516156596522 0.7065287396951687 0.16045049851940524 0.5601522059528374
1 0.8021241464922505 0.6227427523560319 0.11365469655682964 0.193639509516991
0 0.5572965314311366 0.752670732743901 0.1342927502047631 0.4531993748951543
3 0.6913158539802797 0.5090993986539314 0.3914035427954889 0.41292050133453556
1 0.9593909478956654 0.6229504544310774 0.08011435231854838 0.22626200482889186
1 0.08867643783169409 0.5212697690249952 0.17696270365868846 0.09229957252923697
0 0.6690736093828755 0.7222201341500312 0.09832955637285787 0.502350181158335
0 0.7252267160723286 0.7024019393452837 0.11374905493951613 0.5459207172042753
0 0.8980200982862904 0.7016286323406945 0.14315579322076613 0.5209709588735382
1 0.10275053208874117 0.6361149278886479 0.2045252646169355 0.1871672554250144
0 0.7223516156596522 0.7065287396951687 0.16045049851940524 0.5601522059528374
1 0.8021241464922505 0.6227427523560319 0.11365469655682964 0.193639509516991
0 0.5572965314311366 0.752670732743901 0.1342927502047631 0.4531993748951543
3 0.6913158539802797 0.5090993986539314 0.3914035427954889 0.41292050133453556
1 0.9593909478956654 0.6229504544310774 0.08011435231854838 0.22626200482889186
1 0.08867643783169409 0.5212697690249952 0.17696270365868846 0.09229957252923697
0 0.6690736093828755 0.7222201341500312 0.09832955637285787 0.502350181158335
0 0.7252267160723286 0.7024019393452837 0.11374905493951613 0.5459207172042753
0 0.8980200982862904 0.7016286323406945 0.14315579322076613 0.5209709588735382
1 0.10275053208874117 0.6361149278886479 0.2045252646169355 0.1871672554250144
0 0.7223516156596522 0.7065287396951687 0.16045049851940524 0.5601522059528374
1 0.8021241464922505 0.6227427523560319 0.11365469655682964 0.193639509516991
0 0.5572965314311366 0.752670732743901 0.1342927502047631 0.4531993748951543
3 0.6913158539802797 0.5090993986539314 0.3914035427954889 0.41292050133453556
1 0.9593909478956654 0.6229504544310774 0.08011435231854838 0.22626200482889186
1 0.08867643783169409 0.5212697690249952 0.17696270365868846 0.09229957252923697
0 0.6690736093828755 0.7222201341500312 0.09832955637285787 0.502350181158335
0 0.7252267160723286 0.7024019393452837 0.11374905493951613 0.5459207172042753
0 0.8980200982862904 0.7016286323406945 0.14315579322076613 0.5209709588735382
1 0.10275053208874117 0.6361149278886479 0.2045252646169355 0.1871672554250144
0 0.7223516156596522 0.7065287396951687 0.16045049851940524 0.5601522059528374
1 0.8021241464922505 0.6227427523560319 0.11365469655682964 0.193639509516991
0 0.5572965314311366 0.752670732743901 0.1342927502047631 0.4531993748951543
3 0.6913158539802797 0.5090993986539314 0.3914035427954889 0.41292050133453556
1 0.9593909478956654 0.6229504544310774 0.08011435231854838 0.22626200482889186
1 0.08867643783169409 0.5212697690249952 0.17696270365868846 0.09229957252923697
0 0.6690736093828755 0.7222201341500312 0.09832955637285787 0.502350181158335
0 0.7252267160723286 0.7024019393452837 0.11374905493951613 0.5459207172042753
0 0.8980200982862904 0.7016286323406945 0.14315579322076613 0.5209709588735382
1 0.10275053208874117 0.6361149278886479 0.2045252646169355 0.1871672554250144
0 0.7223516156596522 0.7065287396951687 0.16045049851940524 0.5601522059528374
1 0.8021241464922505 0.6227427523560319 0.11365469655682964 0.193639509516991
0 0.5572965314311366 0.752670732743901 0.1342927502047631 0.4531993748951543
3 0.6913158539802797 0.5090993986539314 0.3914035427954889 0.41292050133453556
1 0.9593909478956654 0.6229504544310774 0.08011435231854838 0.22626200482889186
1 0.08867643783169409 0.5212697690249952 0.17696270365868846 0.09229957252923697
0 0.6690736093828755 0.7222201341500312 0.09832955637285787 0.502350181158335
0 0.7252267160723286 0.7024019393452837 0.11374905493951613 0.5459207172042753
0 0.8980200982862904 0.7016286323406945 0.14315579322076613 0.5209709588735382
1 0.10275053208874117 0.6361149278886479 0.2045252646169355 0.1871672554250144
0 0.7223516156596522 0.7065287396951687 0.16045049851940524 0.5601522059528374
1 0.8021241464922505 0.6227427523560319 0.11365469655682964 0.193639509516991
0 0.5572965314311366 0.752670732743901 0.1342927502047631 0.4531993748951543
3 0.6913158539802797 0.5090993986539314 0.3914035427954889 0.41292050133453556
1 0.9593909478956654 0.6229504544310774 0.08011435231854838 0.22626200482889186
1 0.08867643783169409 0.5212697690249952 0.17696270365868846 0.09229957252923697
0 0.6690736093828755 0.7222201341500312 0.09832955637285787 0.502350181158335
0 0.7252267160723286 0.7024019393452837 0.11374905493951613 0.5459207172042753
0 0.8980200982862904 0.7016286323406945 0.14315579322076613 0.5209709588735382
1 0.10275053208874117 0.6361149278886479 0.2045252646169355 0.1871672554250144
0 0.7223516156596522 0.7065287396951687 0.16045049851940524 0.5601522059528374
1 0.8021241464922505 0.6227427523560319 0.11365469655682964 0.193639509516991
0 0.5572965314311366 0.752670732743901 0.1342927502047631 0.4531993748951543
3 0.6913158539802797 0.5090993986539314 0.3914035427954889 0.41292050133453556
1 0.9593909478956654 0.6229504544310774 0.08011435231854838 0.22626200482889186
1 0.08867643783169409 0.5212697690249952 0.17696270365868846 0.09229957252923697
0 0.6690736093828755 0.7222201341500312 0.09832955637285787 0.502350181158335
0 0.7252267160723286 0.7024019393452837 0.11374905493951613 0.5459207172042753
0 0.8980200982862904 0.7016286323406945 0.14315579322076613 0.5209709588735382
1 0.10275053208874117 0.6361149278886479 0.2045252646169355 0.1871672554250144
0 0.7223516156596522 0.7065287396951687 0.16045049851940524 0.5601522059528374
1 0.8021241464922505 0.6227427523560319 0.11365469655682964 0.193639509516991
0 0.5572965314311366 0.752670732743901 0.1342927502047631 0.4531993748951543
3 0.6913158539802797 0.5090993986539314 0.3914035427954889 0.41292050133453556
1 0.9593909478956654 0.6229504544310774 0.08011435231854838 0.22626200482889186
1 0.08867643783169409 0.5212697690249952 0.17696270365868846 0.09229957252923697
0 0.6690736093828755 0.7222201341500312 0.09832955637285787 0.502350181158335
0 0.7252267160723286 0.7024019393452837 0.11374905493951613 0.5459207172042753
0 0.8980200982862904 0.7016286323406945 0.14315579322076613 0.5209709588735382
1 0.10275053208874117 0.6361149278886479 0.2045252646169355 0.1871672554250144
0 0.7223516156596522 0.7065287396951687 0.16045049851940524 0.5601522059528374
1 0.8021241464922505 0.6227427523560319 0.11365469655682964 0.193639509516991
0 0.5572965314311366 0.752670732743901 0.1342927502047631 0.4531993748951543
3 0.6913158539802797 0.5090993986539314 0.3914035427954889 0.41292050133453556
1 0.9593909478956654 0.6229504544310774 0.08011435231854838 0.22626200482889186
1 0.08867643783169409 0.5212697690249952 0.17696270365868846 0.09229957252923697
0 0.6690736093828755 0.7222201341500312 0.09832955637285787 0.502350181158335
0 0.7252267160723286 0.7024019393452837 0.11374905493951613 0.5459207172042753
