0 0.37448354547674007 0.6705640157063802 0.06236591685901988 0.26919101235645065
0 0.5181286343661221 0.7236353556315104 0.10317288485440342 0.2965940881948002
0 0.1702045995538885 0.6152377936358009 0.04078564730557528 0.14071805359887296
0 0.06697207537564365 0.6022435589566257 0.020218530134721236 0.09284539561454064
2 0.7427857555042614 0.6001793699837773 0.03508245294744318 0.02515048668032787
2 0.6250018310546875 0.5969294980575478 0.06845736416903409 0.05308065779222165
2 0.7844913829456676 0.5962555682072874 0.02687627618963068 0.024209944928278687
2 0.5691697276722301 0.5958742235527664 0.056051413796164774 0.049357680023693645
2 0.6933405928178267 0.6039889601410412 0.029199607155539774 0.027833156898373464
2 0.7017113148082387 0.6003745032138512 0.04582530628551136 0.033914159555904204
0 0.1167234212701971 0.5977033604689634 0.017572167136452415 0.07668208554794229
0 0.37448354547674007 0.6705640157063802 0.06236591685901988 0.26919101235645065
0 0.5181286343661221 0.7236353556315104 0.10317288485440342 0.2965940881948002
0 0.1702045995538885 0.6152377936358009 0.04078564730557528 0.14071805359887296
0 0.06697207537564365 0.6022435589566257 0.020218530134721236 0.09284539561454064
1 0.7427857555042614 0.6001793699837773 0.03508245294744318 0.02515048668032787
1 0.6250018310546875 0.5969294980575478 0.06845736416903409 0.05308065779222165
1 0.7844913829456676 0.5962555682072874 0.02687627618963068 0.024209944928278687
1 0.5691697276722301 0.5958742235527664 0.056051413796164774 0.049357680023693645
1 0.6933405928178267 0.6039889601410412 0.029199607155539774 0.027833156898373464
1 0.7017113148082387 0.6003745032138512 0.04582530628551136 0.033914159555904204
0 0.1167234212701971 0.5977033604689634 0.017572167136452415 0.07668208554794229
0 0.37448354547674007 0.6705640157063802 0.06236591685901988 0.26919101235645065
0 0.5181286343661221 0.7236353556315104 0.10317288485440342 0.2965940881948002
0 0.1702045995538885 0.6152377936358009 0.04078564730557528 0.14071805359887296
0 0.06697207537564365 0.6022435589566257 0.020218530134721236 0.09284539561454064
1 0.7427857555042614 0.6001793699837773 0.03508245294744318 0.02515048668032787
1 0.6250018310546875 0.5969294980575478 0.06845736416903409 0.05308065779222165
1 0.7844913829456676 0.5962555682072874 0.02687627618963068 0.024209944928278687
1 0.5691697276722301 0.5958742235527664 0.056051413796164774 0.049357680023693645
1 0.6933405928178267 0.6039889601410412 0.029199607155539774 0.027833156898373464
1 0.7017113148082387 0.6003745032138512 0.04582530628551136 0.033914159555904204
0 0.1167234212701971 0.5977033604689634 0.017572167136452415 0.07668208554794229
0 0.37448354547674007 0.6705640157063802 0.06236591685901988 0.26919101235645065
0 0.5181286343661221 0.7236353556315104 0.10317288485440342 0.2965940881948002
0 0.1702045995538885 0.6152377936358009 0.04078564730557528 0.14071805359887296
0 0.06697207537564365 0.6022435589566257 0.020218530134721236 0.09284539561454064
1 0.7427857555042614 0.6001793699837773 0.03508245294744318 0.02515048668032787
1 0.6250018310546875 0.5969294980575478 0.06845736416903409 0.05308065779222165
1 0.7844913829456676 0.5962555682072874 0.02687627618963068 0.024209944928278687
1 0.5691697276722301 0.5958742235527664 0.056051413796164774 0.049357680023693645
1 0.6933405928178267 0.6039889601410412 0.029199607155539774 0.027833156898373464
1 0.7017113148082387 0.6003745032138512 0.04582530628551136 0.033914159555904204
0 0.1167234212701971 0.5977033604689634 0.017572167136452415 0.07668208554794229
0 0.37448354547674007 0.6705640157063802 0.06236591685901988 0.26919101235645065
0 0.5181286343661221 0.7236353556315104 0.10317288485440342 0.2965940881948002
0 0.1702045995538885 0.6152377936358009 0.04078564730557528 0.14071805359887296
0 0.06697207537564365 0.6022435589566257 0.020218530134721236 0.09284539561454064
1 0.7427857555042614 0.6001793699837773 0.03508245294744318 0.02515048668032787
1 0.6250018310546875 0.5969294980575478 0.06845736416903409 0.05308065779222165
1 0.7844913829456676 0.5962555682072874 0.02687627618963068 0.024209944928278687
1 0.5691697276722301 0.5958742235527664 0.056051413796164774 0.049357680023693645
1 0.6933405928178267 0.6039889601410412 0.029199607155539774 0.027833156898373464
1 0.7017113148082387 0.6003745032138512 0.04582530628551136 0.033914159555904204
0 0.1167234212701971 0.5977033604689634 0.017572167136452415 0.07668208554794229
0 0.37448354547674007 0.6705640157063802 0.06236591685901988 0.26919101235645065
0 0.5181286343661221 0.7236353556315104 0.10317288485440342 0.2965940881948002
0 0.1702045995538885 0.6152377936358009 0.04078564730557528 0.14071805359887296
0 0.06697207537564365 0.6022435589566257 0.020218530134721236 0.09284539561454064
1 0.7427857555042614 0.6001793699837773 0.03508245294744318 0.02515048668032787
1 0.6250018310546875 0.5969294980575478 0.06845736416903409 0.05308065779222165
1 0.7844913829456676 0.5962555682072874 0.02687627618963068 0.024209944928278687
1 0.5691697276722301 0.5958742235527664 0.056051413796164774 0.049357680023693645
1 0.6933405928178267 0.6039889601410412 0.029199607155539774 0.027833156898373464
1 0.7017113148082387 0.6003745032138512 0.04582530628551136 0.033914159555904204
0 0.1167234212701971 0.5977033604689634 0.017572167136452415 0.07668208554794229
0 0.37448354547674007 0.6705640157063802 0.06236591685901988 0.26919101235645065
0 0.5181286343661221 0.7236353556315104 0.10317288485440342 0.2965940881948002
0 0.1702045995538885 0.6152377936358009 0.04078564730557528 0.14071805359887296
0 0.06697207537564365 0.6022435589566257 0.020218530134721236 0.09284539561454064
1 0.7427857555042614 0.6001793699837773 0.03508245294744318 0.02515048668032787
1 0.6250018310546875 0.5969294980575478 0.06845736416903409 0.05308065779222165
1 0.7844913829456676 0.5962555682072874 0.02687627618963068 0.024209944928278687
1 0.5691697276722301 0.5958742235527664 0.056051413796164774 0.049357680023693645
1 0.6933405928178267 0.6039889601410412 0.029199607155539774 0.027833156898373464
1 0.7017113148082387 0.6003745032138512 0.04582530628551136 0.033914159555904204
0 0.1167234212701971 0.5977033604689634 0.017572167136452415 0.07668208554794229
0 0.37448354547674007 0.6705640157063802 0.06236591685901988 0.26919101235645065
0 0.5181286343661221 0.7236353556315104 0.10317288485440342 0.2965940881948002
0 0.1702045995538885 0.6152377936358009 0.04078564730557528 0.14071805359887296
0 0.06697207537564365 0.6022435589566257 0.020218530134721236 0.09284539561454064
1 0.7427857555042614 0.6001793699837773 0.03508245294744318 0.02515048668032787
1 0.6250018310546875 0.5969294980575478 0.06845736416903409 0.05308065779222165
1 0.7844913829456676 0.5962555682072874 0.02687627618963068 0.024209944928278687
1 0.5691697276722301 0.5958742235527664 0.056051413796164774 0.049357680023693645
1 0.6933405928178267 0.6039889601410412 0.029199607155539774 0.027833156898373464
1 0.7017113148082387 0.6003745032138512 0.04582530628551136 0.033914159555904204
0 0.1167234212701971 0.5977033604689634 0.017572167136452415 0.07668208554794229
0 0.37448354547674007 0.6705640157063802 0.06236591685901988 0.26919101235645065
0 0.5181286343661221 0.7236353556315104 0.10317288485440342 0.2965940881948002
0 0.1702045995538885 0.6152377936358009 0.04078564730557528 0.14071805359887296
0 0.06697207537564365 0.6022435589566257 0.020218530134721236 0.09284539561454064
1 0.7427857555042614 0.6001793699837773 0.03508245294744318 0.02515048668032787
1 0.6250018310546875 0.5969294980575478 0.06845736416903409 0.05308065779222165
1 0.7844913829456676 0.5962555682072874 0.02687627618963068 0.024209944928278687
1 0.5691697276722301 0.5958742235527664 0.056051413796164774 0.049357680023693645
1 0.6933405928178267 0.6039889601410412 0.029199607155539774 0.027833156898373464
1 0.7017113148082387 0.6003745032138512 0.04582530628551136 0.033914159555904204
0 0.1167234212701971 0.5977033604689634 0.017572167136452415 0.07668208554794229
0 0.37448354547674007 0.6705640157063802 0.06236591685901988 0.26919101235645065
0 0.5181286343661221 0.7236353556315104 0.10317288485440342 0.2965940881948002
0 0.1702045995538885 0.6152377936358009 0.04078564730557528 0.14071805359887296
0 0.06697207537564365 0.6022435589566257 0.020218530134721236 0.09284539561454064
1 0.7427857555042614 0.6001793699837773 0.03508245294744318 0.02515048668032787
1 0.6250018310546875 0.5969294980575478 0.06845736416903409 0.05308065779222165
1 0.7844913829456676 0.5962555682072874 0.02687627618963068 0.024209944928278687
1 0.5691697276722301 0.5958742235527664 0.056051413796164774 0.049357680023693645
1 0.6933405928178267 0.6039889601410412 0.029199607155539774 0.027833156898373464
1 0.7017113148082387 0.6003745032138512 0.04582530628551136 0.033914159555904204
0 0.1167234212701971 0.5977033604689634 0.017572167136452415 0.07668208554794229
