0 0.48052731600674714 0.7157923172080451 0.08898343172940341 0.26584608567868423
0 0.25634621360085225 0.3471647585676016 0.03886191628196023 0.1639438483233009
0 0.3806357366388494 0.28195434320168417 0.03131680575284091 0.1439271103488943
0 0.8292496004971591 0.24131673281310034 0.03300747958096591 0.13506499535399055
0 0.8695010653409091 0.29309254005307056 0.03476773348721591 0.12466378550711876
0 0.20635810158469461 0.6037462786898586 0.0656840653852983 0.183273190357646
0 0.07693492369218306 0.8066911957954448 0.08886993754993786 0.37540731794847165
0 0.9197717840021307 0.37351368554954323 0.04135930841619318 0.15769274768933572
2 0.23340787714177913 0.05774915238710049 0.10084304809570313 0.11285954184545194
2 0.47437555486505684 0.07207771468032254 0.07481689453125 0.09187804675493084
0 0.48052731600674714 0.7157923172080451 0.08898343172940341 0.26584608567868423
0 0.25634621360085225 0.3471647585676016 0.03886191628196023 0.1639438483233009
0 0.3806357366388494 0.28195434320168417 0.03131680575284091 0.1439271103488943
0 0.8292496004971591 0.24131673281310034 0.03300747958096591 0.13506499535399055
0 0.8695010653409091 0.29309254005307056 0.03476773348721591 0.12466378550711876
0 0.20635810158469461 0.6037462786898586 0.0656840653852983 0.183273190357646
0 0.07693492369218306 0.8066911957954448 0.08886993754993786 0.37540731794847165
0 0.9197717840021307 0.37351368554954323 0.04135930841619318 0.15769274768933572
1 0.23340787714177913 0.05774915238710049 0.10084304809570313 0.11285954184545194
1 0.47437555486505684 0.07207771468032254 0.07481689453125 0.09187804675493084
0 0.48052731600674714 0.7157923172080451 0.08898343172940341 0.26584608567868423
0 0.25634621360085225 0.3471647585676016 0.03886191628196023 0.1639438483233009
0 0.3806357366388494 0.28195434320168417 0.03131680575284091 0.1439271103488943
0 0.8292496004971591 0.24131673281310034 0.03300747958096591 0.13506499535399055
0 0.8695010653409091 0.29309254005307056 0.03476773348721591 0.12466378550711876
0 0.20635810158469461 0.6037462786898586 0.0656840653852983 0.183273190357646
0 0.07693492369218306 0.8066911957954448 0.08886993754993786 0.37540731794847165
0 0.9197717840021307 0.37351368554954323 0.04135930841619318 0.15769274768933572
1 0.23340787714177913 0.05774915238710049 0.10084304809570313 0.11285954184545194
1 0.47437555486505684 0.07207771468032254 0.07481689453125 0.09187804675493084
0 0.48052731600674714 0.7157923172080451 0.08898343172940341 0.26584608567868423
0 0.25634621360085225 0.3471647585676016 0.03886191628196023 0.1639438483233009
0 0.3806357366388494 0.28195434320168417 0.03131680575284091 0.1439271103488943
0 0.8292496004971591 0.24131673281310034 0.03300747958096591 0.13506499535399055
0 0.8695010653409091 0.29309254005307056 0.03476773348721591 0.12466378550711876
0 0.20635810158469461 0.6037462786898586 0.0656840653852983 0.183273190357646
0 0.07693492369218306 0.8066911957954448 0.08886993754993786 0.37540731794847165
0 0.9197717840021307 0.37351368554954323 0.04135930841619318 0.15769274768933572
1 0.23340787714177913 0.05774915238710049 0.10084304809570313 0.11285954184545194
1 0.47437555486505684 0.07207771468032254 0.07481689453125 0.09187804675493084
0 0.48052731600674714 0.7157923172080451 0.08898343172940341 0.26584608567868423
0 0.25634621360085225 0.3471647585676016 0.03886191628196023 0.1639438483233009
0 0.3806357366388494 0.28195434320168417 0.03131680575284091 0.1439271103488943
0 0.8292496004971591 0.24131673281310034 0.03300747958096591 0.13506499535399055
0 0.8695010653409091 0.29309254005307056 0.03476773348721591 0.12466378550711876
0 0.20635810158469461 0.6037462786898586 0.0656840653852983 0.183273190357646
0 0.07693492369218306 0.8066911957954448 0.08886993754993786 0.37540731794847165
0 0.9197717840021307 0.37351368554954323 0.04135930841619318 0.15769274768933572
1 0.23340787714177913 0.05774915238710049 0.10084304809570313 0.11285954184545194
1 0.47437555486505684 0.07207771468032254 0.07481689453125 0.09187804675493084
0 0.48052731600674714 0.7157923172080451 0.08898343172940341 0.26584608567868423
0 0.25634621360085225 0.3471647585676016 0.03886191628196023 0.1639438483233009
0 0.3806357366388494 0.28195434320168417 0.03131680575284091 0.1439271103488943
0 0.8292496004971591 0.24131673281310034 0.03300747958096591 0.13506499535399055
0 0.8695010653409091 0.29309254005307056 0.03476773348721591 0.12466378550711876
0 0.20635810158469461 0.6037462786898586 0.0656840653852983 0.183273190357646
0 0.07693492369218306 0.8066911957954448 0.08886993754993786 0.37540731794847165
0 0.9197717840021307 0.37351368554954323 0.04135930841619318 0.15769274768933572
1 0.23340787714177913 0.05774915238710049 0.10084304809570313 0.11285954184545194
1 0.47437555486505684 0.07207771468032254 0.07481689453125 0.09187804675493084
0 0.48052731600674714 0.7157923172080451 0.08898343172940341 0.26584608567868423
0 0.25634621360085225 0.3471647585676016 0.03886191628196023 0.1639438483233009
0 0.3806357366388494 0.28195434320168417 0.03131680575284091 0.1439271103488943
0 0.8292496004971591 0.24131673281310034 0.03300747958096591 0.13506499535399055
0 0.8695010653409091 0.29309254005307056 0.03476773348721591 0.12466378550711876
0 0.20635810158469461 0.6037462786898586 0.0656840653852983 0.183273190357646
0 0.07693492369218306 0.8066911957954448 0.08886993754993786 0.37540731794847165
0 0.9197717840021307 0.37351368554954323 0.04135930841619318 0.15769274768933572
1 0.23340787714177913 0.05774915238710049 0.10084304809570313 0.11285954184545194
1 0.47437555486505684 0.07207771468032254 0.07481689453125 0.09187804675493084
0 0.48052731600674714 0.7157923172080451 0.08898343172940341 0.26584608567868423
0 0.25634621360085225 0.3471647585676016 0.03886191628196023 0.1639438483233009
0 0.3806357366388494 0.28195434320168417 0.03131680575284091 0.1439271103488943
0 0.8292496004971591 0.24131673281310034 0.03300747958096591 0.13506499535399055
0 0.8695010653409091 0.29309254005307056 0.03476773348721591 0.12466378550711876
0 0.20635810158469461 0.6037462786898586 0.0656840653852983 0.183273190357646
0 0.07693492369218306 0.8066911957954448 0.08886993754993786 0.37540731794847165
0 0.9197717840021307 0.37351368554954323 0.04135930841619318 0.15769274768933572
1 0.23340787714177913 0.05774915238710049 0.10084304809570313 0.11285954184545194
1 0.47437555486505684 0.07207771468032254 0.07481689453125 0.09187804675493084
0 0.48052731600674714 0.7157923172080451 0.08898343172940341 0.26584608567868423
0 0.25634621360085225 0.3471647585676016 0.03886191628196023 0.1639438483233009
0 0.3806357366388494 0.28195434320168417 0.03131680575284091 0.1439271103488943
0 0.8292496004971591 0.24131673281310034 0.03300747958096591 0.13506499535399055
0 0.8695010653409091 0.29309254005307056 0.03476773348721591 0.12466378550711876
0 0.20635810158469461 0.6037462786898586 0.0656840653852983 0.183273190357646
0 0.07693492369218306 0.8066911957954448 0.08886993754993786 0.37540731794847165
0 0.9197717840021307 0.37351368554954323 0.04135930841619318 0.15769274768933572
1 0.23340787714177913 0.05774915238710049 0.10084304809570313 0.11285954184545194
1 0.47437555486505684 0.07207771468032254 0.07481689453125 0.09187804675493084
0 0.48052731600674714 0.7157923172080451 0.08898343172940341 0.26584608567868423
0 0.25634621360085225 0.3471647585676016 0.03886191628196023 0.1639438483233009
0 0.3806357366388494 0.28195434320168417 0.03131680575284091 0.1439271103488943
0 0.8292496004971591 0.24131673281310034 0.03300747958096591 0.13506499535399055
0 0.8695010653409091 0.29309254005307056 0.03476773348721591 0.12466378550711876
0 0.20635810158469461 0.6037462786898586 0.0656840653852983 0.183273190357646
0 0.07693492369218306 0.8066911957954448 0.08886993754993786 0.37540731794847165
0 0.9197717840021307 0.37351368554954323 0.04135930841619318 0.15769274768933572
1 0.23340787714177913 0.05774915238710049 0.10084304809570313 0.11285954184545194
1 0.47437555486505684 0.07207771468032254 0.07481689453125 0.09187804675493084
