2 0.12194602169207673 0.3957350769042969 0.24389204338415346 0.4430360717773438
0 0.5169341813272504 0.535694465637207 0.11298541168668377 0.9201241302490234
0 0.4052310962582109 0.30434872817993164 0.03707843989282105 0.36204625701904297
0 0.6616049619456429 0.28297463989257815 0.0385203954592273 0.31423516845703126
0 0.4657409630011563 0.2773481483459473 0.04461195457040967 0.4037216720581055
2 0.22615244851183536 0.2544913330078125 0.06191587685352534 0.153619873046875
0 0.3040318180672565 0.24498638153076172 0.01988540953071556 0.16484254455566405
2 0.2630203398899059 0.20742696380615233 0.04118908934332245 0.11643721008300781
1 0.12194602169207673 0.3957350769042969 0.24389204338415346 0.4430360717773438
0 0.5169341813272504 0.535694465637207 0.11298541168668377 0.9201241302490234
0 0.4052310962582109 0.30434872817993164 0.03707843989282105 0.36204625701904297
0 0.6616049619456429 0.28297463989257815 0.0385203954592273 0.31423516845703126
0 0.4657409630011563 0.2773481483459473 0.04461195457040967 0.4037216720581055
1 0.22615244851183536 0.2544913330078125 0.06191587685352534 0.153619873046875
0 0.3040318180672565 0.24498638153076172 0.01988540953071556 0.16484254455566405
1 0.2630203398899059 0.20742696380615233 0.04118908934332245 0.11643721008300781
1 0.12194602169207673 0.3957350769042969 0.24389204338415346 0.4430360717773438
0 0.5169341813272504 0.535694465637207 0.11298541168668377 0.9201241302490234
0 0.4052310962582109 0.30434872817993164 0.03707843989282105 0.36204625701904297
0 0.6616049619456429 0.28297463989257815 0.0385203954592273 0.31423516845703126
0 0.4657409630011563 0.2773481483459473 0.04461195457040967 0.4037216720581055
1 0.22615244851183536 0.2544913330078125 0.06191587685352534 0.153619873046875
0 0.3040318180672565 0.24498638153076172 0.01988540953071556 0.16484254455566405
1 0.2630203398899059 0.20742696380615233 0.04118908934332245 0.11643721008300781
1 0.12194602169207673 0.3957350769042969 0.24389204338415346 0.4430360717773438
0 0.5169341813272504 0.535694465637207 0.11298541168668377 0.9201241302490234
0 0.4052310962582109 0.30434872817993164 0.03707843989282105 0.36204625701904297
0 0.6616049619456429 0.28297463989257815 0.0385203954592273 0.31423516845703126
0 0.4657409630011563 0.2773481483459473 0.04461195457040967 0.4037216720581055
1 0.22615244851183536 0.2544913330078125 0.06191587685352534 0.153619873046875
0 0.3040318180672565 0.24498638153076172 0.01988540953071556 0.16484254455566405
1 0.2630203398899059 0.20742696380615233 0.04118908934332245 0.11643721008300781
1 0.12194602169207673 0.3957350769042969 0.24389204338415346 0.4430360717773438
0 0.5169341813272504 0.535694465637207 0.11298541168668377 0.9201241302490234
0 0.4052310962582109 0.30434872817993164 0.03707843989282105 0.36204625701904297
0 0.6616049619456429 0.28297463989257815 0.0385203954592273 0.31423516845703126
0 0.4657409630011563 0.2773481483459473 0.04461195457040967 0.4037216720581055
1 0.22615244851183536 0.2544913330078125 0.06191587685352534 0.153619873046875
0 0.3040318180672565 0.24498638153076172 0.01988540953071556 0.16484254455566405
1 0.2630203398899059 0.20742696380615233 0.04118908934332245 0.11643721008300781
1 0.12194602169207673 0.3957350769042969 0.24389204338415346 0.4430360717773438
0 0.5169341813272504 0.535694465637207 0.11298541168668377 0.9201241302490234
0 0.4052310962582109 0.30434872817993164 0.03707843989282105 0.36204625701904297
0 0.6616049619456429 0.28297463989257815 0.0385203954592273 0.31423516845703126
0 0.4657409630011563 0.2773481483459473 0.04461195457040967 0.4037216720581055
1 0.22615244851183536 0.2544913330078125 0.06191587685352534 0.153619873046875
0 0.3040318180672565 0.24498638153076172 0.01988540953071556 0.16484254455566405
1 0.2630203398899059 0.20742696380615233 0.04118908934332245 0.11643721008300781
1 0.12194602169207673 0.3957350769042969 0.24389204338415346 0.4430360717773438
0 0.5169341813272504 0.535694465637207 0.11298541168668377 0.9201241302490234
0 0.4052310962582109 0.30434872817993164 0.03707843989282105 0.36204625701904297
0 0.6616049619456429 0.28297463989257815 0.0385203954592273 0.31423516845703126
0 0.4657409630011563 0.2773481483459473 0.04461195457040967 0.4037216720581055
1 0.22615244851183536 0.2544913330078125 0.06191587685352534 0.153619873046875
0 0.3040318180672565 0.24498638153076172 0.01988540953071556 0.16484254455566405
1 0.2630203398899059 0.20742696380615233 0.04118908934332245 0.11643721008300781
1 0.12194602169207673 0.3957350769042969 0.24389204338415346 0.4430360717773438
0 0.5169341813272504 0.535694465637207 0.11298541168668377 0.9201241302490234
0 0.4052310962582109 0.30434872817993164 0.03707843989282105 0.36204625701904297
0 0.6616049619456429 0.28297463989257815 0.0385203954592273 0.31423516845703126
0 0.4657409630011563 0.2773481483459473 0.04461195457040967 0.4037216720581055
1 0.22615244851183536 0.2544913330078125 0.06191587685352534 0.153619873046875
0 0.3040318180672565 0.24498638153076172 0.01988540953071556 0.16484254455566405
1 0.2630203398899059 0.20742696380615233 0.04118908934332245 0.11643721008300781
1 0.12194602169207673 0.3957350769042969 0.24389204338415346 0.4430360717773438
0 0.5169341813272504 0.535694465637207 0.11298541168668377 0.9201241302490234
0 0.4052310962582109 0.30434872817993164 0.03707843989282105 0.36204625701904297
0 0.6616049619456429 0.28297463989257815 0.0385203954592273 0.31423516845703126
0 0.4657409630011563 0.2773481483459473 0.04461195457040967 0.4037216720581055
1 0.22615244851183536 0.2544913330078125 0.06191587685352534 0.153619873046875
0 0.3040318180672565 0.24498638153076172 0.01988540953071556 0.16484254455566405
1 0.2630203398899059 0.20742696380615233 0.04118908934332245 0.11643721008300781
1 0.12194602169207673 0.3957350769042969 0.24389204338415346 0.4430360717773438
0 0.5169341813272504 0.535694465637207 0.11298541168668377 0.9201241302490234
0 0.4052310962582109 0.30434872817993164 0.03707843989282105 0.36204625701904297
0 0.6616049619456429 0.28297463989257815 0.0385203954592273 0.31423516845703126
0 0.4657409630011563 0.2773481483459473 0.04461195457040967 0.4037216720581055
1 0.22615244851183536 0.2544913330078125 0.06191587685352534 0.153619873046875
0 0.3040318180672565 0.24498638153076172 0.01988540953071556 0.16484254455566405
1 0.2630203398899059 0.20742696380615233 0.04118908934332245 0.11643721008300781
