0 0.04952889294933072 0.447311380291512 0.05954068170176993 0.09373967291900466
0 0.04952889294933072 0.447311380291512 0.05954068170176993 0.09373967291900466
0 0.04952889294933072 0.447311380291512 0.05954068170176993 0.09373967291900466
0 0.04952889294933072 0.447311380291512 0.05954068170176993 0.09373967291900466
0 0.04952889294933072 0.447311380291512 0.05954068170176993 0.09373967291900466
0 0.04952889294933072 0.447311380291512 0.05954068170176993 0.09373967291900466
0 0.04952889294933072 0.447311380291512 0.05954068170176993 0.09373967291900466
0 0.04952889294933072 0.447311380291512 0.05954068170176993 0.09373967291900466
0 0.04952889294933072 0.447311380291512 0.05954068170176993 0.09373967291900466
0 0.04952889294933072 0.447311380291512 0.05954068170176993 0.09373967291900466
