0 0.09256172180175781 0.6547115246454874 0.10474292769631506 0.4786078929901123
0 0.5948452097381476 0.6584756175676981 0.08783910483008556 0.30042413870493573
0 0.6660247048497653 0.6105747620264689 0.14331965573387 0.3888617356618245
0 0.4745433357731924 0.6583627462387085 0.05900478000423301 0.20878005027770996
0 0.5358300444744386 0.596992035706838 0.07175616710358246 0.30778324604034424
2 0.7696196987601741 0.49914995829264325 0.07082195789641754 0.11554614702860515
2 0.5200642777939714 0.5095990101496378 0.16014519753111633 0.1372531255086263
2 0.21968413668440323 0.47461328903834027 0.15515348485214175 0.07962453365325928
2 0.8283080474505407 0.47579842805862427 0.06353991838462453 0.10795986652374268
2 0.16718325596798508 0.5130176742871603 0.06569900802786359 0.06565733750661214
2 0.4843440182762001 0.5219571987787882 0.09541187358899715 0.1311014493306478
7 0.8282562371895794 0.4736926158269246 0.06318322243346007 0.10657986005147298
0 0.09256172180175781 0.6547115246454874 0.10474292769631506 0.4786078929901123
0 0.5948452097381476 0.6584756175676981 0.08783910483008556 0.30042413870493573
0 0.6660247048497653 0.6105747620264689 0.14331965573387 0.3888617356618245
0 0.4745433357731924 0.6583627462387085 0.05900478000423301 0.20878005027770996
0 0.5358300444744386 0.596992035706838 0.07175616710358246 0.30778324604034424
1 0.7696196987601741 0.49914995829264325 0.07082195789641754 0.11554614702860515
1 0.5200642777939714 0.5095990101496378 0.16014519753111633 0.1372531255086263
1 0.21968413668440323 0.47461328903834027 0.15515348485214175 0.07962453365325928
1 0.8283080474505407 0.47579842805862427 0.06353991838462453 0.10795986652374268
1 0.16718325596798508 0.5130176742871603 0.06569900802786359 0.06565733750661214
1 0.4843440182762001 0.5219571987787882 0.09541187358899715 0.1311014493306478
3 0.8282562371895794 0.4736926158269246 0.06318322243346007 0.10657986005147298
0 0.09256172180175781 0.6547115246454874 0.10474292769631506 0.4786078929901123
0 0.5948452097381476 0.6584756175676981 0.08783910483008556 0.30042413870493573
0 0.6660247048497653 0.6105747620264689 0.14331965573387 0.3888617356618245
0 0.4745433357731924 0.6583627462387085 0.05900478000423301 0.20878005027770996
0 0.5358300444744386 0.596992035706838 0.07175616710358246 0.30778324604034424
1 0.7696196987601741 0.49914995829264325 0.07082195789641754 0.11554614702860515
1 0.5200642777939714 0.5095990101496378 0.16014519753111633 0.1372531255086263
1 0.21968413668440323 0.47461328903834027 0.15515348485214175 0.07962453365325928
1 0.8283080474505407 0.47579842805862427 0.06353991838462453 0.10795986652374268
1 0.16718325596798508 0.5130176742871603 0.06569900802786359 0.06565733750661214
1 0.4843440182762001 0.5219571987787882 0.09541187358899715 0.1311014493306478
3 0.8282562371895794 0.4736926158269246 0.06318322243346007 0.10657986005147298
0 0.09256172180175781 0.6547115246454874 0.10474292769631506 0.4786078929901123
0 0.5948452097381476 0.6584756175676981 0.08783910483008556 0.30042413870493573
0 0.6660247048497653 0.6105747620264689 0.14331965573387 0.3888617356618245
0 0.4745433357731924 0.6583627462387085 0.05900478000423301 0.20878005027770996
0 0.5358300444744386 0.596992035706838 0.07175616710358246 0.30778324604034424
1 0.7696196987601741 0.49914995829264325 0.07082195789641754 0.11554614702860515
1 0.5200642777939714 0.5095990101496378 0.16014519753111633 0.1372531255086263
1 0.21968413668440323 0.47461328903834027 0.15515348485214175 0.07962453365325928
1 0.8283080474505407 0.47579842805862427 0.06353991838462453 0.10795986652374268
1 0.16718325596798508 0.5130176742871603 0.06569900802786359 0.06565733750661214
1 0.4843440182762001 0.5219571987787882 0.09541187358899715 0.1311014493306478
3 0.8282562371895794 0.4736926158269246 0.06318322243346007 0.10657986005147298
0 0.09256172180175781 0.6547115246454874 0.10474292769631506 0.4786078929901123
0 0.5948452097381476 0.6584756175676981 0.08783910483008556 0.30042413870493573
0 0.6660247048497653 0.6105747620264689 0.14331965573387 0.3888617356618245
0 0.4745433357731924 0.6583627462387085 0.05900478000423301 0.20878005027770996
0 0.5358300444744386 0.596992035706838 0.07175616710358246 0.30778324604034424
1 0.7696196987601741 0.49914995829264325 0.07082195789641754 0.11554614702860515
1 0.5200642777939714 0.5095990101496378 0.16014519753111633 0.1372531255086263
1 0.21968413668440323 0.47461328903834027 0.15515348485214175 0.07962453365325928
1 0.8283080474505407 0.47579842805862427 0.06353991838462453 0.10795986652374268
1 0.16718325596798508 0.5130176742871603 0.06569900802786359 0.06565733750661214
1 0.4843440182762001 0.5219571987787882 0.09541187358899715 0.1311014493306478
3 0.8282562371895794 0.4736926158269246 0.06318322243346007 0.10657986005147298
0 0.09256172180175781 0.6547115246454874 0.10474292769631506 0.4786078929901123
0 0.5948452097381476 0.6584756175676981 0.08783910483008556 0.30042413870493573
0 0.6660247048497653 0.6105747620264689 0.14331965573387 0.3888617356618245
0 0.4745433357731924 0.6583627462387085 0.05900478000423301 0.20878005027770996
0 0.5358300444744386 0.596992035706838 0.07175616710358246 0.30778324604034424
1 0.7696196987601741 0.49914995829264325 0.07082195789641754 0.11554614702860515
1 0.5200642777939714 0.5095990101496378 0.16014519753111633 0.1372531255086263
1 0.21968413668440323 0.47461328903834027 0.15515348485214175 0.07962453365325928
1 0.8283080474505407 0.47579842805862427 0.06353991838462453 0.10795986652374268
1 0.16718325596798508 0.5130176742871603 0.06569900802786359 0.06565733750661214
1 0.4843440182762001 0.5219571987787882 0.09541187358899715 0.1311014493306478
3 0.8282562371895794 0.4736926158269246 0.06318322243346007 0.10657986005147298
0 0.09256172180175781 0.6547115246454874 0.10474292769631506 0.4786078929901123
0 0.5948452097381476 0.6584756175676981 0.08783910483008556 0.30042413870493573
0 0.6660247048497653 0.6105747620264689 0.14331965573387 0.3888617356618245
0 0.4745433357731924 0.6583627462387085 0.05900478000423301 0.20878005027770996
0 0.5358300444744386 0.596992035706838 0.07175616710358246 0.30778324604034424
1 0.7696196987601741 0.49914995829264325 0.07082195789641754 0.11554614702860515
1 0.5200642777939714 0.5095990101496378 0.16014519753111633 0.1372531255086263
1 0.21968413668440323 0.47461328903834027 0.15515348485214175 0.07962453365325928
1 0.8283080474505407 0.47579842805862427 0.06353991838462453 0.10795986652374268
1 0.16718325596798508 0.5130176742871603 0.06569900802786359 0.06565733750661214
1 0.4843440182762001 0.5219571987787882 0.09541187358899715 0.1311014493306478
3 0.8282562371895794 0.4736926158269246 0.06318322243346007 0.10657986005147298
0 0.09256172180175781 0.6547115246454874 0.10474292769631506 0.4786078929901123
0 0.5948452097381476 0.6584756175676981 0.08783910483008556 0.30042413870493573
0 0.6660247048497653 0.6105747620264689 0.14331965573387 0.3888617356618245
0 0.4745433357731924 0.6583627462387085 0.05900478000423301 0.20878005027770996
0 0.5358300444744386 0.596992035706838 0.07175616710358246 0.30778324604034424
1 0.7696196987601741 0.49914995829264325 0.07082195789641754 0.11554614702860515
1 0.5200642777939714 0.5095990101496378 0.16014519753111633 0.1372531255086263
1 0.21968413668440323 0.47461328903834027 0.15515348485214175 0.07962453365325928
1 0.8283080474505407 0.47579842805862427 0.06353991838462453 0.10795986652374268
1 0.16718325596798508 0.5130176742871603 0.06569900802786359 0.06565733750661214
1 0.4843440182762001 0.5219571987787882 0.09541187358899715 0.1311014493306478
3 0.8282562371895794 0.4736926158269246 0.06318322243346007 0.10657986005147298
0 0.09256172180175781 0.6547115246454874 0.10474292769631506 0.4786078929901123
0 0.5948452097381476 0.6584756175676981 0.08783910483008556 0.30042413870493573
0 0.6660247048497653 0.6105747620264689 0.14331965573387 0.3888617356618245
0 0.4745433357731924 0.6583627462387085 0.05900478000423301 0.20878005027770996
0 0.5358300444744386 0.596992035706838 0.07175616710358246 0.30778324604034424
1 0.7696196987601741 0.49914995829264325 0.07082195789641754 0.11554614702860515
1 0.5200642777939714 0.5095990101496378 0.16014519753111633 0.1372531255086263
1 0.21968413668440323 0.47461328903834027 0.15515348485214175 0.07962453365325928
1 0.8283080474505407 0.47579842805862427 0.06353991838462453 0.10795986652374268
1 0.16718325596798508 0.5130176742871603 0.06569900802786359 0.06565733750661214
1 0.4843440182762001 0.5219571987787882 0.09541187358899715 0.1311014493306478
3 0.8282562371895794 0.4736926158269246 0.06318322243346007 0.10657986005147298
0 0.09256172180175781 0.6547115246454874 0.10474292769631506 0.4786078929901123
0 0.5948452097381476 0.6584756175676981 0.08783910483008556 0.30042413870493573
0 0.6660247048497653 0.6105747620264689 0.14331965573387 0.3888617356618245
0 0.4745433357731924 0.6583627462387085 0.05900478000423301 0.20878005027770996
0 0.5358300444744386 0.596992035706838 0.07175616710358246 0.30778324604034424
1 0.7696196987601741 0.49914995829264325 0.07082195789641754 0.11554614702860515
1 0.5200642777939714 0.5095990101496378 0.16014519753111633 0.1372531255086263
1 0.21968413668440323 0.47461328903834027 0.15515348485214175 0.07962453365325928
1 0.8283080474505407 0.47579842805862427 0.06353991838462453 0.10795986652374268
1 0.16718325596798508 0.5130176742871603 0.06569900802786359 0.06565733750661214
1 0.4843440182762001 0.5219571987787882 0.09541187358899715 0.1311014493306478
3 0.8282562371895794 0.4736926158269246 0.06318322243346007 0.10657986005147298
