2 0.8006144575639205 0.3720353235963915 0.2359335049715909 0.200812772323525
0 0.5840078457919035 0.5036508841592757 0.19064675071022727 0.5549756034475858
2 0.19602437301115555 0.5479930658809474 0.3910401877489957 0.8790634968241707
2 0.4013388338955966 0.3584364385552745 0.09399508389559659 0.15277687447970031
2 0.49682954268022017 0.3805819652119621 0.1553947587446733 0.19801155465548156
2 0.18769017999822443 0.30723661412306824 0.06677409778941762 0.06768978098051144
2 0.650596563165838 0.3457534977647125 0.08363897150213068 0.14834642670845075
2 0.3460106034712358 0.3336332039754899 0.08306130149147728 0.1344287017655503
2 0.21496747103604402 0.3876333288807687 0.08995785799893466 0.10000349784809384
7 0.3096050747958097 0.3013722153960681 0.08327170632102272 0.12484382671085212
1 0.8006144575639205 0.3720353235963915 0.2359335049715909 0.200812772323525
0 0.5840078457919035 0.5036508841592757 0.19064675071022727 0.5549756034475858
1 0.19602437301115555 0.5479930658809474 0.3910401877489957 0.8790634968241707
1 0.4013388338955966 0.3584364385552745 0.09399508389559659 0.15277687447970031
1 0.49682954268022017 0.3805819652119621 0.1553947587446733 0.19801155465548156
1 0.18769017999822443 0.30723661412306824 0.06677409778941762 0.06768978098051144
1 0.650596563165838 0.3457534977647125 0.08363897150213068 0.14834642670845075
1 0.3460106034712358 0.3336332039754899 0.08306130149147728 0.1344287017655503
1 0.21496747103604402 0.3876333288807687 0.08995785799893466 0.10000349784809384
3 0.3096050747958097 0.3013722153960681 0.08327170632102272 0.12484382671085212
1 0.8006144575639205 0.3720353235963915 0.2359335049715909 0.200812772323525
0 0.5840078457919035 0.5036508841592757 0.19064675071022727 0.5549756034475858
1 0.19602437301115555 0.5479930658809474 0.3910401877489957 0.8790634968241707
1 0.4013388338955966 0.3584364385552745 0.09399508389559659 0.15277687447970031
1 0.49682954268022017 0.3805819652119621 0.1553947587446733 0.19801155465548156
1 0.18769017999822443 0.30723661412306824 0.06677409778941762 0.06768978098051144
1 0.650596563165838 0.3457534977647125 0.08363897150213068 0.14834642670845075
1 0.3460106034712358 0.3336332039754899 0.08306130149147728 0.1344287017655503
1 0.21496747103604402 0.3876333288807687 0.08995785799893466 0.10000349784809384
3 0.3096050747958097 0.3013722153960681 0.08327170632102272 0.12484382671085212
1 0.8006144575639205 0.3720353235963915 0.2359335049715909 0.200812772323525
0 0.5840078457919035 0.5036508841592757 0.19064675071022727 0.5549756034475858
1 0.19602437301115555 0.5479930658809474 0.3910401877489957 0.8790634968241707
1 0.4013388338955966 0.3584364385552745 0.09399508389559659 0.15277687447970031
1 0.49682954268022017 0.3805819652119621 0.1553947587446733 0.19801155465548156
1 0.18769017999822443 0.30723661412306824 0.06677409778941762 0.06768978098051144
1 0.650596563165838 0.3457534977647125 0.08363897150213068 0.14834642670845075
1 0.3460106034712358 0.3336332039754899 0.08306130149147728 0.1344287017655503
1 0.21496747103604402 0.3876333288807687 0.08995785799893466 0.10000349784809384
3 0.3096050747958097 0.3013722153960681 0.08327170632102272 0.12484382671085212
1 0.8006144575639205 0.3720353235963915 0.2359335049715909 0.200812772323525
0 0.5840078457919035 0.5036508841592757 0.19064675071022727 0.5549756034475858
1 0.19602437301115555 0.5479930658809474 0.3910401877489957 0.8790634968241707
1 0.4013388338955966 0.3584364385552745 0.09399508389559659 0.15277687447970031
1 0.49682954268022017 0.3805819652119621 0.1553947587446733 0.19801155465548156
1 0.18769017999822443 0.30723661412306824 0.06677409778941762 0.06768978098051144
1 0.650596563165838 0.3457534977647125 0.08363897150213068 0.14834642670845075
1 0.3460106034712358 0.3336332039754899 0.08306130149147728 0.1344287017655503
1 0.21496747103604402 0.3876333288807687 0.08995785799893466 0.10000349784809384
3 0.3096050747958097 0.3013722153960681 0.08327170632102272 0.12484382671085212
1 0.8006144575639205 0.3720353235963915 0.2359335049715909 0.200812772323525
0 0.5840078457919035 0.5036508841592757 0.19064675071022727 0.5549756034475858
1 0.19602437301115555 0.5479930658809474 0.3910401877489957 0.8790634968241707
1 0.4013388338955966 0.3584364385552745 0.09399508389559659 0.15277687447970031
1 0.49682954268022017 0.3805819652119621 0.1553947587446733 0.19801155465548156
1 0.18769017999822443 0.30723661412306824 0.06677409778941762 0.06768978098051144
1 0.650596563165838 0.3457534977647125 0.08363897150213068 0.14834642670845075
1 0.3460106034712358 0.3336332039754899 0.08306130149147728 0.1344287017655503
1 0.21496747103604402 0.3876333288807687 0.08995785799893466 0.10000349784809384
3 0.3096050747958097 0.3013722153960681 0.08327170632102272 0.12484382671085212
1 0.8006144575639205 0.3720353235963915 0.2359335049715909 0.200812772323525
0 0.5840078457919035 0.5036508841592757 0.19064675071022727 0.5549756034475858
1 0.19602437301115555 0.5479930658809474 0.3910401877489957 0.8790634968241707
1 0.4013388338955966 0.3584364385552745 0.09399508389559659 0.15277687447970031
1 0.49682954268022017 0.3805819652119621 0.1553947587446733 0.19801155465548156
1 0.18769017999822443 0.30723661412306824 0.06677409778941762 0.06768978098051144
1 0.650596563165838 0.3457534977647125 0.08363897150213068 0.14834642670845075
1 0.3460106034712358 0.3336332039754899 0.08306130149147728 0.1344287017655503
1 0.21496747103604402 0.3876333288807687 0.08995785799893466 0.10000349784809384
3 0.3096050747958097 0.3013722153960681 0.08327170632102272 0.12484382671085212
1 0.8006144575639205 0.3720353235963915 0.2359335049715909 0.200812772323525
0 0.5840078457919035 0.5036508841592757 0.19064675071022727 0.5549756034475858
1 0.19602437301115555 0.5479930658809474 0.3910401877489957 0.8790634968241707
1 0.4013388338955966 0.3584364385552745 0.09399508389559659 0.15277687447970031
1 0.49682954268022017 0.3805819652119621 0.1553947587446733 0.19801155465548156
1 0.18769017999822443 0.30723661412306824 0.06677409778941762 0.06768978098051144
1 0.650596563165838 0.3457534977647125 0.08363897150213068 0.14834642670845075
1 0.3460106034712358 0.3336332039754899 0.08306130149147728 0.1344287017655503
1 0.21496747103604402 0.3876333288807687 0.08995785799893466 0.10000349784809384
3 0.3096050747958097 0.3013722153960681 0.08327170632102272 0.12484382671085212
1 0.8006144575639205 0.3720353235963915 0.2359335049715909 0.200812772323525
0 0.5840078457919035 0.5036508841592757 0.19064675071022727 0.5549756034475858
1 0.19602437301115555 0.5479930658809474 0.3910401877489957 0.8790634968241707
1 0.4013388338955966 0.3584364385552745 0.09399508389559659 0.15277687447970031
1 0.49682954268022017 0.3805819652119621 0.1553947587446733 0.19801155465548156
1 0.18769017999822443 0.30723661412306824 0.06677409778941762 0.06768978098051144
1 0.650596563165838 0.3457534977647125 0.08363897150213068 0.14834642670845075
1 0.3460106034712358 0.3336332039754899 0.08306130149147728 0.1344287017655503
1 0.21496747103604402 0.3876333288807687 0.08995785799893466 0.10000349784809384
3 0.3096050747958097 0.3013722153960681 0.08327170632102272 0.12484382671085212
1 0.8006144575639205 0.3720353235963915 0.2359335049715909 0.200812772323525
0 0.5840078457919035 0.5036508841592757 0.19064675071022727 0.5549756034475858
1 0.19602437301115555 0.5479930658809474 0.3910401877489957 0.8790634968241707
1 0.4013388338955966 0.3584364385552745 0.09399508389559659 0.15277687447970031
1 0.49682954268022017 0.3805819652119621 0.1553947587446733 0.19801155465548156
1 0.18769017999822443 0.30723661412306824 0.06677409778941762 0.06768978098051144
1 0.650596563165838 0.3457534977647125 0.08363897150213068 0.14834642670845075
1 0.3460106034712358 0.3336332039754899 0.08306130149147728 0.1344287017655503
1 0.21496747103604402 0.3876333288807687 0.08995785799893466 0.10000349784809384
3 0.3096050747958097 0.3013722153960681 0.08327170632102272 0.12484382671085212
