0 0.3746820068359375 0.5394399934779099 0.16201954234730115 0.792277466403982
0 0.5968757768110795 0.6018559190093494 0.14117453835227273 0.6750536642439379
2 0.1455550696633079 0.4131430745776234 0.08794093045321377 0.07884103743756404
2 0.3530283563787287 0.4512163693787622 0.43888979825106533 0.33577363478030015
2 0.05280136758630926 0.414451786729156 0.08304768042130904 0.07664927498238985
2 0.20834244121204723 0.5131806962477053 0.2529435799338601 0.3399707815034793
2 0.4986728460138494 0.45392654502326674 0.1718762761896307 0.3261515299479167
2 0.38673426888205786 0.5121494355748911 0.6104716699773615 0.34034241222944417
2 0.8717830033735795 0.37276893365578573 0.08695601029829546 0.05648393057734589
0 0.3746820068359375 0.5394399934779099 0.16201954234730115 0.792277466403982
0 0.5968757768110795 0.6018559190093494 0.14117453835227273 0.6750536642439379
1 0.1455550696633079 0.4131430745776234 0.08794093045321377 0.07884103743756404
1 0.3530283563787287 0.4512163693787622 0.43888979825106533 0.33577363478030015
1 0.05280136758630926 0.414451786729156 0.08304768042130904 0.07664927498238985
1 0.20834244121204723 0.5131806962477053 0.2529435799338601 0.3399707815034793
1 0.4986728460138494 0.45392654502326674 0.1718762761896307 0.3261515299479167
1 0.38673426888205786 0.5121494355748911 0.6104716699773615 0.34034241222944417
1 0.8717830033735795 0.37276893365578573 0.08695601029829546 0.05648393057734589
0 0.3746820068359375 0.5394399934779099 0.16201954234730115 0.792277466403982
0 0.5968757768110795 0.6018559190093494 0.14117453835227273 0.6750536642439379
1 0.1455550696633079 0.4131430745776234 0.08794093045321377 0.07884103743756404
1 0.3530283563787287 0.4512163693787622 0.43888979825106533 0.33577363478030015
1 0.05280136758630926 0.414451786729156 0.08304768042130904 0.07664927498238985
1 0.20834244121204723 0.5131806962477053 0.2529435799338601 0.3399707815034793
1 0.4986728460138494 0.45392654502326674 0.1718762761896307 0.3261515299479167
1 0.38673426888205786 0.5121494355748911 0.6104716699773615 0.34034241222944417
1 0.8717830033735795 0.37276893365578573 0.08695601029829546 0.05648393057734589
0 0.3746820068359375 0.5394399934779099 0.16201954234730115 0.792277466403982
0 0.5968757768110795 0.6018559190093494 0.14117453835227273 0.6750536642439379
1 0.1455550696633079 0.4131430745776234 0.08794093045321377 0.07884103743756404
1 0.3530283563787287 0.4512163693787622 0.43888979825106533 0.33577363478030015
1 0.05280136758630926 0.414451786729156 0.08304768042130904 0.07664927498238985
1 0.20834244121204723 0.5131806962477053 0.2529435799338601 0.3399707815034793
1 0.4986728460138494 0.45392654502326674 0.1718762761896307 0.3261515299479167
1 0.38673426888205786 0.5121494355748911 0.6104716699773615 0.34034241222944417
1 0.8717830033735795 0.37276893365578573 0.08695601029829546 0.05648393057734589
0 0.3746820068359375 0.5394399934779099 0.16201954234730115 0.792277466403982
0 0.5968757768110795 0.6018559190093494 0.14117453835227273 0.6750536642439379
1 0.1455550696633079 0.4131430745776234 0.08794093045321377 0.07884103743756404
1 0.3530283563787287 0.4512163693787622 0.43888979825106533 0.33577363478030015
1 0.05280136758630926 0.414451786729156 0.08304768042130904 0.07664927498238985
1 0.20834244121204723 0.5131806962477053 0.2529435799338601 0.3399707815034793
1 0.4986728460138494 0.45392654502326674 0.1718762761896307 0.3261515299479167
1 0.38673426888205786 0.5121494355748911 0.6104716699773615 0.34034241222944417
1 0.8717830033735795 0.37276893365578573 0.08695601029829546 0.05648393057734589
0 0.3746820068359375 0.5394399934779099 0.16201954234730115 0.792277466403982
0 0.5968757768110795 0.6018559190093494 0.14117453835227273 0.6750536642439379
1 0.1455550696633079 0.4131430745776234 0.08794093045321377 0.07884103743756404
1 0.3530283563787287 0.4512163693787622 0.43888979825106533 0.33577363478030015
1 0.05280136758630926 0.414451786729156 0.08304768042130904 0.07664927498238985
1 0.20834244121204723 0.5131806962477053 0.2529435799338601 0.3399707815034793
1 0.4986728460138494 0.45392654502326674 0.1718762761896307 0.3261515299479167
1 0.38673426888205786 0.5121494355748911 0.6104716699773615 0.34034241222944417
1 0.8717830033735795 0.37276893365578573 0.08695601029829546 0.05648393057734589
0 0.3746820068359375 0.5394399934779099 0.16201954234730115 0.792277466403982
0 0.5968757768110795 0.6018559190093494 0.14117453835227273 0.6750536642439379
1 0.1455550696633079 0.4131430745776234 0.08794093045321377 0.07884103743756404
1 0.3530283563787287 0.4512163693787622 0.43888979825106533 0.33577363478030015
1 0.05280136758630926 0.414451786729156 0.08304768042130904 0.07664927498238985
1 0.20834244121204723 0.5131806962477053 0.2529435799338601 0.3399707815034793
1 0.4986728460138494 0.45392654502326674 0.1718762761896307 0.3261515299479167
1 0.38673426888205786 0.5121494355748911 0.6104716699773615 0.34034241222944417
1 0.8717830033735795 0.37276893365578573 0.08695601029829546 0.05648393057734589
0 0.3746820068359375 0.5394399934779099 0.16201954234730115 0.792277466403982
0 0.5968757768110795 0.6018559190093494 0.14117453835227273 0.6750536642439379
1 0.1455550696633079 0.4131430745776234 0.08794093045321377 0.07884103743756404
1 0.3530283563787287 0.4512163693787622 0.43888979825106533 0.33577363478030015
1 0.05280136758630926 0.414451786729156 0.08304768042130904 0.07664927498238985
1 0.20834244121204723 0.5131806962477053 0.2529435799338601 0.3399707815034793
1 0.4986728460138494 0.45392654502326674 0.1718762761896307 0.3261515299479167
1 0.38673426888205786 0.5121494355748911 0.6104716699773615 0.34034241222944417
1 0.8717830033735795 0.37276893365578573 0.08695601029829546 0.05648393057734589
0 0.3746820068359375 0.5394399934779099 0.16201954234730115 0.792277466403982
0 0.5968757768110795 0.6018559190093494 0.14117453835227273 0.6750536642439379
1 0.1455550696633079 0.4131430745776234 0.08794093045321377 0.07884103743756404
1 0.3530283563787287 0.4512163693787622 0.43888979825106533 0.33577363478030015
1 0.05280136758630926 0.414451786729156 0.08304768042130904 0.07664927498238985
1 0.20834244121204723 0.5131806962477053 0.2529435799338601 0.3399707815034793
1 0.4986728460138494 0.45392654502326674 0.1718762761896307 0.3261515299479167
1 0.38673426888205786 0.5121494355748911 0.6104716699773615 0.34034241222944417
1 0.8717830033735795 0.37276893365578573 0.08695601029829546 0.05648393057734589
0 0.3746820068359375 0.5394399934779099 0.16201954234730115 0.792277466403982
0 0.5968757768110795 0.6018559190093494 0.14117453835227273 0.6750536642439379
1 0.1455550696633079 0.4131430745776234 0.08794093045321377 0.07884103743756404
1 0.3530283563787287 0.4512163693787622 0.43888979825106533 0.33577363478030015
1 0.05280136758630926 0.414451786729156 0.08304768042130904 0.07664927498238985
1 0.20834244121204723 0.5131806962477053 0.2529435799338601 0.3399707815034793
1 0.4986728460138494 0.45392654502326674 0.1718762761896307 0.3261515299479167
1 0.38673426888205786 0.5121494355748911 0.6104716699773615 0.34034241222944417
1 0.8717830033735795 0.37276893365578573 0.08695601029829546 0.05648393057734589
