0 0.7387182894620028 0.6082449532597443 0.07821394486860796 0.31359658996915557
2 0.08632355083118785 0.5364350282429345 0.11724114851518111 0.14888467423902835
0 0.44352780428799715 0.6604114178099919 0.05940191095525568 0.2976674147642375
0 0.6691107177734374 0.6201278603142076 0.06619662198153409 0.3176066080729167
0 0.38726802479137074 0.56034119402776 0.045498740456321025 0.20094203427841104
2 0.20530666004527698 0.5151926676432291 0.07955103093927557 0.09197939679922303
0 0.5872226784446023 0.5892604139984631 0.06265480735085227 0.3044373559170082
2 0.1772510459206321 0.4738842698394275 0.05955785577947443 0.06414323817185365
2 0.2557872841574929 0.4666758469545125 0.04236547296697443 0.05466723832927766
0 0.32830506758256395 0.6139944733166304 0.04791162664240057 0.20727559907840248
0 0.17263606678355825 0.6697641591556737 0.10935330477627841 0.2487213468291069
0 0.7387182894620028 0.6082449532597443 0.07821394486860796 0.31359658996915557
1 0.08632355083118785 0.5364350282429345 0.11724114851518111 0.14888467423902835
0 0.44352780428799715 0.6604114178099919 0.05940191095525568 0.2976674147642375
0 0.6691107177734374 0.6201278603142076 0.06619662198153409 0.3176066080729167
0 0.38726802479137074 0.56034119402776 0.045498740456321025 0.20094203427841104
1 0.20530666004527698 0.5151926676432291 0.07955103093927557 0.09197939679922303
0 0.5872226784446023 0.5892604139984631 0.06265480735085227 0.3044373559170082
1 0.1772510459206321 0.4738842698394275 0.05955785577947443 0.06414323817185365
1 0.2557872841574929 0.4666758469545125 0.04236547296697443 0.05466723832927766
0 0.32830506758256395 0.6139944733166304 0.04791162664240057 0.20727559907840248
0 0.17263606678355825 0.6697641591556737 0.10935330477627841 0.2487213468291069
0 0.7387182894620028 0.6082449532597443 0.07821394486860796 0.31359658996915557
1 0.08632355083118785 0.5364350282429345 0.11724114851518111 0.14888467423902835
0 0.44352780428799715 0.6604114178099919 0.05940191095525568 0.2976674147642375
0 0.6691107177734374 0.6201278603142076 0.06619662198153409 0.3176066080729167
0 0.38726802479137074 0.56034119402776 0.045498740456321025 0.20094203427841104
1 0.20530666004527698 0.5151926676432291 0.07955103093927557 0.09197939679922303
0 0.5872226784446023 0.5892604139984631 0.06265480735085227 0.3044373559170082
1 0.1772510459206321 0.4738842698394275 0.05955785577947443 0.06414323817185365
1 0.2557872841574929 0.4666758469545125 0.04236547296697443 0.05466723832927766
0 0.32830506758256395 0.6139944733166304 0.04791162664240057 0.20727559907840248
0 0.17263606678355825 0.6697641591556737 0.10935330477627841 0.2487213468291069
0 0.7387182894620028 0.6082449532597443 0.07821394486860796 0.31359658996915557
1 0.08632355083118785 0.5364350282429345 0.11724114851518111 0.14888467423902835
0 0.44352780428799715 0.6604114178099919 0.05940191095525568 0.2976674147642375
0 0.6691107177734374 0.6201278603142076 0.06619662198153409 0.3176066080729167
0 0.38726802479137074 0.56034119402776 0.045498740456321025 0.20094203427841104
1 0.20530666004527698 0.5151926676432291 0.07955103093927557 0.09197939679922303
0 0.5872226784446023 0.5892604139984631 0.06265480735085227 0.3044373559170082
1 0.1772510459206321 0.4738842698394275 0.05955785577947443 0.06414323817185365
1 0.2557872841574929 0.4666758469545125 0.04236547296697443 0.05466723832927766
0 0.32830506758256395 0.6139944733166304 0.04791162664240057 0.20727559907840248
0 0.17263606678355825 0.6697641591556737 0.10935330477627841 0.2487213468291069
0 0.7387182894620028 0.6082449532597443 0.07821394486860796 0.31359658996915557
1 0.08632355083118785 0.5364350282429345 0.11724114851518111 0.14888467423902835
0 0.44352780428799715 0.6604114178099919 0.05940191095525568 0.2976674147642375
0 0.6691107177734374 0.6201278603142076 0.06619662198153409 0.3176066080729167
0 0.38726802479137074 0.56034119402776 0.045498740456321025 0.20094203427841104
1 0.20530666004527698 0.5151926676432291 0.07955103093927557 0.09197939679922303
0 0.5872226784446023 0.5892604139984631 0.06265480735085227 0.3044373559170082
1 0.1772510459206321 0.4738842698394275 0.05955785577947443 0.06414323817185365
1 0.2557872841574929 0.4666758469545125 0.04236547296697443 0.05466723832927766
0 0.32830506758256395 0.6139944733166304 0.04791162664240057 0.20727559907840248
0 0.17263606678355825 0.6697641591556737 0.10935330477627841 0.2487213468291069
0 0.7387182894620028 0.6082449532597443 0.07821394486860796 0.31359658996915557
1 0.08632355083118785 0.5364350282429345 0.11724114851518111 0.14888467423902835
0 0.44352780428799715 0.6604114178099919 0.05940191095525568 0.2976674147642375
0 0.6691107177734374 0.6201278603142076 0.06619662198153409 0.3176066080729167
0 0.38726802479137074 0.56034119402776 0.045498740456321025 0.20094203427841104
1 0.20530666004527698 0.5151926676432291 0.07955103093927557 0.09197939679922303
0 0.5872226784446023 0.5892604139984631 0.06265480735085227 0.3044373559170082
1 0.1772510459206321 0.4738842698394275 0.05955785577947443 0.06414323817185365
1 0.2557872841574929 0.4666758469545125 0.04236547296697443 0.05466723832927766
0 0.32830506758256395 0.6139944733166304 0.04791162664240057 0.20727559907840248
0 0.17263606678355825 0.6697641591556737 0.10935330477627841 0.2487213468291069
0 0.7387182894620028 0.6082449532597443 0.07821394486860796 0.31359658996915557
1 0.08632355083118785 0.5364350282429345 0.11724114851518111 0.14888467423902835
0 0.44352780428799715 0.6604114178099919 0.05940191095525568 0.2976674147642375
0 0.6691107177734374 0.6201278603142076 0.06619662198153409 0.3176066080729167
0 0.38726802479137074 0.56034119402776 0.045498740456321025 0.20094203427841104
1 0.20530666004527698 0.5151926676432291 0.07955103093927557 0.09197939679922303
0 0.5872226784446023 0.5892604139984631 0.06265480735085227 0.3044373559170082
1 0.1772510459206321 0.4738842698394275 0.05955785577947443 0.06414323817185365
1 0.2557872841574929 0.4666758469545125 0.04236547296697443 0.05466723832927766
0 0.32830506758256395 0.6139944733166304 0.04791162664240057 0.20727559907840248
0 0.17263606678355825 0.6697641591556737 0.10935330477627841 0.2487213468291069
0 0.7387182894620028 0.6082449532597443 0.07821394486860796 0.31359658996915557
1 0.08632355083118785 0.5364350282429345 0.11724114851518111 0.14888467423902835
0 0.44352780428799715 0.6604114178099919 0.05940191095525568 0.2976674147642375
0 0.6691107177734374 0.6201278603142076 0.06619662198153409 0.3176066080729167
0 0.38726802479137074 0.56034119402776 0.045498740456321025 0.20094203427841104
1 0.20530666004527698 0.5151926676432291 0.07955103093927557 0.09197939679922303
0 0.5872226784446023 0.5892604139984631 0.06265480735085227 0.3044373559170082
1 0.1772510459206321 0.4738842698394275 0.05955785577947443 0.06414323817185365
1 0.2557872841574929 0.4666758469545125 0.04236547296697443 0.05466723832927766
0 0.32830506758256395 0.6139944733166304 0.04791162664240057 0.20727559907840248
0 0.17263606678355825 0.6697641591556737 0.10935330477627841 0.2487213468291069
0 0.7387182894620028 0.6082449532597443 0.07821394486860796 0.31359658996915557
1 0.08632355083118785 0.5364350282429345 0.11724114851518111 0.14888467423902835
0 0.44352780428799715 0.6604114178099919 0.05940191095525568 0.2976674147642375
0 0.6691107177734374 0.6201278603142076 0.06619662198153409 0.3176066080729167
0 0.38726802479137074 0.56034119402776 0.045498740456321025 0.20094203427841104
1 0.20530666004527698 0.5151926676432291 0.07955103093927557 0.09197939679922303
0 0.5872226784446023 0.5892604139984631 0.06265480735085227 0.3044373559170082
1 0.1772510459206321 0.4738842698394275 0.05955785577947443 0.06414323817185365
1 0.2557872841574929 0.4666758469545125 0.04236547296697443 0.05466723832927766
0 0.32830506758256395 0.6139944733166304 0.04791162664240057 0.20727559907840248
0 0.17263606678355825 0.6697641591556737 0.10935330477627841 0.2487213468291069
0 0.7387182894620028 0.6082449532597443 0.07821394486860796 0.31359658996915557
1 0.08632355083118785 0.5364350282429345 0.11724114851518111 0.14888467423902835
0 0.44352780428799715 0.6604114178099919 0.05940191095525568 0.2976674147642375
0 0.6691107177734374 0.6201278603142076 0.06619662198153409 0.3176066080729167
0 0.38726802479137074 0.56034119402776 0.045498740456321025 0.20094203427841104
1 0.20530666004527698 0.5151926676432291 0.07955103093927557 0.09197939679922303
0 0.5872226784446023 0.5892604139984631 0.06265480735085227 0.3044373559170082
1 0.1772510459206321 0.4738842698394275 0.05955785577947443 0.06414323817185365
1 0.2557872841574929 0.4666758469545125 0.04236547296697443 0.05466723832927766
0 0.32830506758256395 0.6139944733166304 0.04791162664240057 0.20727559907840248
0 0.17263606678355825 0.6697641591556737 0.10935330477627841 0.2487213468291069
