2 0.06013153054497459 0.7305297643109098 0.11993533091111616 0.29410944870912314
0 0.47613908247514203 0.7598520497806737 0.13149680397727273 0.4578786547718152
2 0.1817734839699485 0.7493051831188098 0.1391046211936257 0.1742953941470287
2 0.34957996715198864 0.7720842622016948 0.08509521484375 0.11641613902941428
2 0.7139533580433238 0.6883017534766692 0.08049727006392045 0.08695583656185964
2 0.9568552190607245 0.7049695416226414 0.08532565030184659 0.25712497898789705
2 0.60233154296875 0.6844731106784174 0.061800759055397725 0.07238531894371157
2 0.28131480823863636 0.7646961316384905 0.08355618563565341 0.12746225159024932
2 0.6587040849165483 0.6824784826059811 0.04601612437855113 0.0663392947671192
7 0.876919999556108 0.6761191738107817 0.10866510564630681 0.12745512248388405
0 0.7941010908647017 0.6808927775732155 0.02088661887428977 0.05764687126451503
1 0.06013153054497459 0.7305297643109098 0.11993533091111616 0.29410944870912314
0 0.47613908247514203 0.7598520497806737 0.13149680397727273 0.4578786547718152
1 0.1817734839699485 0.7493051831188098 0.1391046211936257 0.1742953941470287
1 0.34957996715198864 0.7720842622016948 0.08509521484375 0.11641613902941428
1 0.7139533580433238 0.6883017534766692 0.08049727006392045 0.08695583656185964
1 0.9568552190607245 0.7049695416226414 0.08532565030184659 0.25712497898789705
1 0.60233154296875 0.6844731106784174 0.061800759055397725 0.07238531894371157
1 0.28131480823863636 0.7646961316384905 0.08355618563565341 0.12746225159024932
1 0.6587040849165483 0.6824784826059811 0.04601612437855113 0.0663392947671192
3 0.876919999556108 0.6761191738107817 0.10866510564630681 0.12745512248388405
0 0.7941010908647017 0.6808927775732155 0.02088661887428977 0.05764687126451503
1 0.06013153054497459 0.7305297643109098 0.11993533091111616 0.29410944870912314
0 0.47613908247514203 0.7598520497806737 0.13149680397727273 0.4578786547718152
1 0.1817734839699485 0.7493051831188098 0.1391046211936257 0.1742953941470287
1 0.34957996715198864 0.7720842622016948 0.08509521484375 0.11641613902941428
1 0.7139533580433238 0.6883017534766692 0.08049727006392045 0.08695583656185964
1 0.9568552190607245 0.7049695416226414 0.08532565030184659 0.25712497898789705
1 0.60233154296875 0.6844731106784174 0.061800759055397725 0.07238531894371157
1 0.28131480823863636 0.7646961316384905 0.08355618563565341 0.12746225159024932
1 0.6587040849165483 0.6824784826059811 0.04601612437855113 0.0663392947671192
3 0.876919999556108 0.6761191738107817 0.10866510564630681 0.12745512248388405
0 0.7941010908647017 0.6808927775732155 0.02088661887428977 0.05764687126451503
1 0.06013153054497459 0.7305297643109098 0.11993533091111616 0.29410944870912314
0 0.47613908247514203 0.7598520497806737 0.13149680397727273 0.4578786547718152
1 0.1817734839699485 0.7493051831188098 0.1391046211936257 0.1742953941470287
1 0.34957996715198864 0.7720842622016948 0.08509521484375 0.11641613902941428
1 0.7139533580433238 0.6883017534766692 0.08049727006392045 0.08695583656185964
1 0.9568552190607245 0.7049695416226414 0.08532565030184659 0.25712497898789705
1 0.60233154296875 0.6844731106784174 0.061800759055397725 0.07238531894371157
1 0.28131480823863636 0.7646961316384905 0.08355618563565341 0.12746225159024932
1 0.6587040849165483 0.6824784826059811 0.04601612437855113 0.0663392947671192
3 0.876919999556108 0.6761191738107817 0.10866510564630681 0.12745512248388405
0 0.7941010908647017 0.6808927775732155 0.02088661887428977 0.05764687126451503
1 0.06013153054497459 0.7305297643109098 0.11993533091111616 0.29410944870912314
0 0.47613908247514203 0.7598520497806737 0.13149680397727273 0.4578786547718152
1 0.1817734839699485 0.7493051831188098 0.1391046211936257 0.1742953941470287
1 0.34957996715198864 0.7720842622016948 0.08509521484375 0.11641613902941428
1 0.7139533580433238 0.6883017534766692 0.08049727006392045 0.08695583656185964
1 0.9568552190607245 0.7049695416226414 0.08532565030184659 0.25712497898789705
1 0.60233154296875 0.6844731106784174 0.061800759055397725 0.07238531894371157
1 0.28131480823863636 0.7646961316384905 0.08355618563565341 0.12746225159024932
1 0.6587040849165483 0.6824784826059811 0.04601612437855113 0.0663392947671192
3 0.876919999556108 0.6761191738107817 0.10866510564630681 0.12745512248388405
0 0.7941010908647017 0.6808927775732155 0.02088661887428977 0.05764687126451503
1 0.06013153054497459 0.7305297643109098 0.11993533091111616 0.29410944870912314
0 0.47613908247514203 0.7598520497806737 0.13149680397727273 0.4578786547718152
1 0.1817734839699485 0.7493051831188098 0.1391046211936257 0.1742953941470287
1 0.34957996715198864 0.7720842622016948 0.08509521484375 0.11641613902941428
1 0.7139533580433238 0.6883017534766692 0.08049727006392045 0.08695583656185964
1 0.9568552190607245 0.7049695416226414 0.08532565030184659 0.25712497898789705
1 0.60233154296875 0.6844731106784174 0.061800759055397725 0.07238531894371157
1 0.28131480823863636 0.7646961316384905 0.08355618563565341 0.12746225159024932
1 0.6587040849165483 0.6824784826059811 0.04601612437855113 0.0663392947671192
3 0.876919999556108 0.6761191738107817 0.10866510564630681 0.12745512248388405
0 0.7941010908647017 0.6808927775732155 0.02088661887428977 0.05764687126451503
1 0.06013153054497459 0.7305297643109098 0.11993533091111616 0.29410944870912314
0 0.47613908247514203 0.7598520497806737 0.13149680397727273 0.4578786547718152
1 0.1817734839699485 0.7493051831188098 0.1391046211936257 0.1742953941470287
1 0.34957996715198864 0.7720842622016948 0.08509521484375 0.11641613902941428
1 0.7139533580433238 0.6883017534766692 0.08049727006392045 0.08695583656185964
1 0.9568552190607245 0.7049695416226414 0.08532565030184659 0.25712497898789705
1 0.60233154296875 0.6844731106784174 0.061800759055397725 0.07238531894371157
1 0.28131480823863636 0.7646961316384905 0.08355618563565341 0.12746225159024932
1 0.6587040849165483 0.6824784826059811 0.04601612437855113 0.0663392947671192
3 0.876919999556108 0.6761191738107817 0.10866510564630681 0.12745512248388405
0 0.7941010908647017 0.6808927775732155 0.02088661887428977 0.05764687126451503
1 0.06013153054497459 0.7305297643109098 0.11993533091111616 0.29410944870912314
0 0.47613908247514203 0.7598520497806737 0.13149680397727273 0.4578786547718152
1 0.1817734839699485 0.7493051831188098 0.1391046211936257 0.1742953941470287
1 0.34957996715198864 0.7720842622016948 0.08509521484375 0.11641613902941428
1 0.7139533580433238 0.6883017534766692 0.08049727006392045 0.08695583656185964
1 0.9568552190607245 0.7049695416226414 0.08532565030184659 0.25712497898789705
1 0.60233154296875 0.6844731106784174 0.061800759055397725 0.07238531894371157
1 0.28131480823863636 0.7646961316384905 0.08355618563565341 0.12746225159024932
1 0.6587040849165483 0.6824784826059811 0.04601612437855113 0.0663392947671192
3 0.876919999556108 0.6761191738107817 0.10866510564630681 0.12745512248388405
0 0.7941010908647017 0.6808927775732155 0.02088661887428977 0.05764687126451503
1 0.06013153054497459 0.7305297643109098 0.11993533091111616 0.29410944870912314
0 0.47613908247514203 0.7598520497806737 0.13149680397727273 0.4578786547718152
1 0.1817734839699485 0.7493051831188098 0.1391046211936257 0.1742953941470287
1 0.34957996715198864 0.7720842622016948 0.08509521484375 0.11641613902941428
1 0.7139533580433238 0.6883017534766692 0.08049727006392045 0.08695583656185964
1 0.9568552190607245 0.7049695416226414 0.08532565030184659 0.25712497898789705
1 0.60233154296875 0.6844731106784174 0.061800759055397725 0.07238531894371157
1 0.28131480823863636 0.7646961316384905 0.08355618563565341 0.12746225159024932
1 0.6587040849165483 0.6824784826059811 0.04601612437855113 0.0663392947671192
3 0.876919999556108 0.6761191738107817 0.10866510564630681 0.12745512248388405
0 0.7941010908647017 0.6808927775732155 0.02088661887428977 0.05764687126451503
1 0.06013153054497459 0.7305297643109098 0.11993533091111616 0.29410944870912314
0 0.47613908247514203 0.7598520497806737 0.13149680397727273 0.4578786547718152
1 0.1817734839699485 0.7493051831188098 0.1391046211936257 0.1742953941470287
1 0.34957996715198864 0.7720842622016948 0.08509521484375 0.11641613902941428
1 0.7139533580433238 0.6883017534766692 0.08049727006392045 0.08695583656185964
1 0.9568552190607245 0.7049695416226414 0.08532565030184659 0.25712497898789705
1 0.60233154296875 0.6844731106784174 0.061800759055397725 0.07238531894371157
1 0.28131480823863636 0.7646961316384905 0.08355618563565341 0.12746225159024932
1 0.6587040849165483 0.6824784826059811 0.04601612437855113 0.0663392947671192
3 0.876919999556108 0.6761191738107817 0.10866510564630681 0.12745512248388405
0 0.7941010908647017 0.6808927775732155 0.02088661887428977 0.05764687126451503
