0 0.6432555909175797 0.4727751793552987 0.23211232219559264 0.8990668870916414
0 0.6432555909175797 0.4727751793552987 0.23211232219559264 0.8990668870916414
0 0.6432555909175797 0.4727751793552987 0.23211232219559264 0.8990668870916414
0 0.6432555909175797 0.4727751793552987 0.23211232219559264 0.8990668870916414
0 0.6432555909175797 0.4727751793552987 0.23211232219559264 0.8990668870916414
0 0.6432555909175797 0.4727751793552987 0.23211232219559264 0.8990668870916414
0 0.6432555909175797 0.4727751793552987 0.23211232219559264 0.8990668870916414
0 0.6432555909175797 0.4727751793552987 0.23211232219559264 0.8990668870916414
0 0.6432555909175797 0.4727751793552987 0.23211232219559264 0.8990668870916414
0 0.6432555909175797 0.4727751793552987 0.23211232219559264 0.8990668870916414
