0 0.6051333420941619 0.3667227984868992 0.09695242537933142 0.39353447629694355
0 0.8833432100257095 0.549016885590135 0.09859694915563882 0.41974512736002606
0 0.37670453389485675 0.342155763280322 0.07196322590315422 0.374112592105977
0 0.05806849440749811 0.5924448939094766 0.08875413816802356 0.4453933225040547
0 0.4928829945674559 0.4499753539325201 0.08047521682012648 0.4018561826114766
0 0.6513241878172167 0.880260177523072 0.07239501330317283 0.23416244774533992
0 0.17441942253891302 0.7361618622004638 0.11021284505623538 0.5095586497881259
0 0.28490266345796134 0.45214786306459304 0.1182302358199139 0.6001605541385405
0 0.1749134193472311 0.14283360872003767 0.05945906347158004 0.2825790997485668
0 0.4430312850848347 0.9238766675804093 0.07255590529668898 0.15060549730445907
0 0.8992732820056734 0.9062371951097633 0.07062457856677827 0.1850526151601334
0 0.8227707480086761 0.23798075335764746 0.11232415024115115 0.30860018590737504
0 0.9639005077128507 0.13789680147031594 0.06280974303784014 0.27344115540298103
0 0.6753092655519239 0.2556391403689022 0.06933344626913265 0.39246329926607904
0 0.2723736211556156 0.9089104278742919 0.1203245175939028 0.17693797329015898
0 0.4828147628680378 0.8457386396084613 0.061304728190104164 0.29459010787874634
0 0.7522943457778619 0.5298259802031935 0.07449283729605123 0.3919128061038012
0 0.34942716481734293 0.5077723452919408 0.0818074284767618 0.4092604430795413
0 0.2954491985087492 0.9087447227790342 0.0755768600775271 0.17643505787988853
0 0.2905792184427482 0.06619292942055485 0.02943057105654762 0.13033559883547108
0 0.6051333420941619 0.3667227984868992 0.09695242537933142 0.39353447629694355
0 0.8833432100257095 0.549016885590135 0.09859694915563882 0.41974512736002606
0 0.37670453389485675 0.342155763280322 0.07196322590315422 0.374112592105977
0 0.05806849440749811 0.5924448939094766 0.08875413816802356 0.4453933225040547
0 0.4928829945674559 0.4499753539325201 0.08047521682012648 0.4018561826114766
0 0.6513241878172167 0.880260177523072 0.07239501330317283 0.23416244774533992
0 0.17441942253891302 0.7361618622004638 0.11021284505623538 0.5095586497881259
0 0.28490266345796134 0.45214786306459304 0.1182302358199139 0.6001605541385405
0 0.1749134193472311 0.14283360872003767 0.05945906347158004 0.2825790997485668
0 0.4430312850848347 0.9238766675804093 0.07255590529668898 0.15060549730445907
0 0.8992732820056734 0.9062371951097633 0.07062457856677827 0.1850526151601334
0 0.8227707480086761 0.23798075335764746 0.11232415024115115 0.30860018590737504
0 0.9639005077128507 0.13789680147031594 0.06280974303784014 0.27344115540298103
0 0.6753092655519239 0.2556391403689022 0.06933344626913265 0.39246329926607904
0 0.2723736211556156 0.9089104278742919 0.1203245175939028 0.17693797329015898
0 0.4828147628680378 0.8457386396084613 0.061304728190104164 0.29459010787874634
0 0.7522943457778619 0.5298259802031935 0.07449283729605123 0.3919128061038012
0 0.34942716481734293 0.5077723452919408 0.0818074284767618 0.4092604430795413
0 0.2954491985087492 0.9087447227790342 0.0755768600775271 0.17643505787988853
0 0.2905792184427482 0.06619292942055485 0.02943057105654762 0.13033559883547108
0 0.6051333420941619 0.3667227984868992 0.09695242537933142 0.39353447629694355
0 0.8833432100257095 0.549016885590135 0.09859694915563882 0.41974512736002606
0 0.37670453389485675 0.342155763280322 0.07196322590315422 0.374112592105977
0 0.05806849440749811 0.5924448939094766 0.08875413816802356 0.4453933225040547
0 0.4928829945674559 0.4499753539325201 0.08047521682012648 0.4018561826114766
0 0.6513241878172167 0.880260177523072 0.07239501330317283 0.23416244774533992
0 0.17441942253891302 0.7361618622004638 0.11021284505623538 0.5095586497881259
0 0.28490266345796134 0.45214786306459304 0.1182302358199139 0.6001605541385405
0 0.1749134193472311 0.14283360872003767 0.05945906347158004 0.2825790997485668
0 0.4430312850848347 0.9238766675804093 0.07255590529668898 0.15060549730445907
0 0.8992732820056734 0.9062371951097633 0.07062457856677827 0.1850526151601334
0 0.8227707480086761 0.23798075335764746 0.11232415024115115 0.30860018590737504
0 0.9639005077128507 0.13789680147031594 0.06280974303784014 0.27344115540298103
0 0.6753092655519239 0.2556391403689022 0.06933344626913265 0.39246329926607904
0 0.2723736211556156 0.9089104278742919 0.1203245175939028 0.17693797329015898
0 0.4828147628680378 0.8457386396084613 0.061304728190104164 0.29459010787874634
0 0.7522943457778619 0.5298259802031935 0.07449283729605123 0.3919128061038012
0 0.34942716481734293 0.5077723452919408 0.0818074284767618 0.4092604430795413
0 0.2954491985087492 0.9087447227790342 0.0755768600775271 0.17643505787988853
0 0.2905792184427482 0.06619292942055485 0.02943057105654762 0.13033559883547108
0 0.6051333420941619 0.3667227984868992 0.09695242537933142 0.39353447629694355
0 0.8833432100257095 0.549016885590135 0.09859694915563882 0.41974512736002606
0 0.37670453389485675 0.342155763280322 0.07196322590315422 0.374112592105977
0 0.05806849440749811 0.5924448939094766 0.08875413816802356 0.4453933225040547
0 0.4928829945674559 0.4499753539325201 0.08047521682012648 0.4018561826114766
0 0.6513241878172167 0.880260177523072 0.07239501330317283 0.23416244774533992
0 0.17441942253891302 0.7361618622004638 0.11021284505623538 0.5095586497881259
0 0.28490266345796134 0.45214786306459304 0.1182302358199139 0.6001605541385405
0 0.1749134193472311 0.14283360872003767 0.05945906347158004 0.2825790997485668
0 0.4430312850848347 0.9238766675804093 0.07255590529668898 0.15060549730445907
0 0.8992732820056734 0.9062371951097633 0.07062457856677827 0.1850526151601334
0 0.8227707480086761 0.23798075335764746 0.11232415024115115 0.30860018590737504
0 0.9639005077128507 0.13789680147031594 0.06280974303784014 0.27344115540298103
0 0.6753092655519239 0.2556391403689022 0.06933344626913265 0.39246329926607904
0 0.2723736211556156 0.9089104278742919 0.1203245175939028 0.17693797329015898
0 0.4828147628680378 0.8457386396084613 0.061304728190104164 0.29459010787874634
0 0.7522943457778619 0.5298259802031935 0.07449283729605123 0.3919128061038012
0 0.34942716481734293 0.5077723452919408 0.0818074284767618 0.4092604430795413
0 0.2954491985087492 0.9087447227790342 0.0755768600775271 0.17643505787988853
0 0.2905792184427482 0.06619292942055485 0.02943057105654762 0.13033559883547108
0 0.6051333420941619 0.3667227984868992 0.09695242537933142 0.39353447629694355
0 0.8833432100257095 0.549016885590135 0.09859694915563882 0.41974512736002606
0 0.37670453389485675 0.342155763280322 0.07196322590315422 0.374112592105977
0 0.05806849440749811 0.5924448939094766 0.08875413816802356 0.4453933225040547
0 0.4928829945674559 0.4499753539325201 0.08047521682012648 0.4018561826114766
0 0.6513241878172167 0.880260177523072 0.07239501330317283 0.23416244774533992
0 0.17441942253891302 0.7361618622004638 0.11021284505623538 0.5095586497881259
0 0.28490266345796134 0.45214786306459304 0.1182302358199139 0.6001605541385405
0 0.1749134193472311 0.14283360872003767 0.05945906347158004 0.2825790997485668
0 0.4430312850848347 0.9238766675804093 0.07255590529668898 0.15060549730445907
0 0.8992732820056734 0.9062371951097633 0.07062457856677827 0.1850526151601334
0 0.8227707480086761 0.23798075335764746 0.11232415024115115 0.30860018590737504
0 0.9639005077128507 0.13789680147031594 0.06280974303784014 0.27344115540298103
0 0.6753092655519239 0.2556391403689022 0.06933344626913265 0.39246329926607904
0 0.2723736211556156 0.9089104278742919 0.1203245175939028 0.17693797329015898
0 0.4828147628680378 0.8457386396084613 0.061304728190104164 0.29459010787874634
0 0.7522943457778619 0.5298259802031935 0.07449283729605123 0.3919128061038012
0 0.34942716481734293 0.5077723452919408 0.0818074284767618 0.4092604430795413
0 0.2954491985087492 0.9087447227790342 0.0755768600775271 0.17643505787988853
0 0.2905792184427482 0.06619292942055485 0.02943057105654762 0.13033559883547108
0 0.6051333420941619 0.3667227984868992 0.09695242537933142 0.39353447629694355
0 0.8833432100257095 0.549016885590135 0.09859694915563882 0.41974512736002606
0 0.37670453389485675 0.342155763280322 0.07196322590315422 0.374112592105977
0 0.05806849440749811 0.5924448939094766 0.08875413816802356 0.4453933225040547
0 0.4928829945674559 0.4499753539325201 0.08047521682012648 0.4018561826114766
0 0.6513241878172167 0.880260177523072 0.07239501330317283 0.23416244774533992
0 0.17441942253891302 0.7361618622004638 0.11021284505623538 0.5095586497881259
0 0.28490266345796134 0.45214786306459304 0.1182302358199139 0.6001605541385405
0 0.1749134193472311 0.14283360872003767 0.05945906347158004 0.2825790997485668
0 0.4430312850848347 0.9238766675804093 0.07255590529668898 0.15060549730445907
0 0.8992732820056734 0.9062371951097633 0.07062457856677827 0.1850526151601334
0 0.8227707480086761 0.23798075335764746 0.11232415024115115 0.30860018590737504
0 0.9639005077128507 0.13789680147031594 0.06280974303784014 0.27344115540298103
0 0.6753092655519239 0.2556391403689022 0.06933344626913265 0.39246329926607904
0 0.2723736211556156 0.9089104278742919 0.1203245175939028 0.17693797329015898
0 0.4828147628680378 0.8457386396084613 0.061304728190104164 0.29459010787874634
0 0.7522943457778619 0.5298259802031935 0.07449283729605123 0.3919128061038012
0 0.34942716481734293 0.5077723452919408 0.0818074284767618 0.4092604430795413
0 0.2954491985087492 0.9087447227790342 0.0755768600775271 0.17643505787988853
0 0.2905792184427482 0.06619292942055485 0.02943057105654762 0.13033559883547108
0 0.6051333420941619 0.3667227984868992 0.09695242537933142 0.39353447629694355
0 0.8833432100257095 0.549016885590135 0.09859694915563882 0.41974512736002606
0 0.37670453389485675 0.342155763280322 0.07196322590315422 0.374112592105977
0 0.05806849440749811 0.5924448939094766 0.08875413816802356 0.4453933225040547
0 0.4928829945674559 0.4499753539325201 0.08047521682012648 0.4018561826114766
0 0.6513241878172167 0.880260177523072 0.07239501330317283 0.23416244774533992
0 0.17441942253891302 0.7361618622004638 0.11021284505623538 0.5095586497881259
0 0.28490266345796134 0.45214786306459304 0.1182302358199139 0.6001605541385405
0 0.1749134193472311 0.14283360872003767 0.05945906347158004 0.2825790997485668
0 0.4430312850848347 0.9238766675804093 0.07255590529668898 0.15060549730445907
0 0.8992732820056734 0.9062371951097633 0.07062457856677827 0.1850526151601334
0 0.8227707480086761 0.23798075335764746 0.11232415024115115 0.30860018590737504
0 0.9639005077128507 0.13789680147031594 0.06280974303784014 0.27344115540298103
0 0.6753092655519239 0.2556391403689022 0.06933344626913265 0.39246329926607904
0 0.2723736211556156 0.9089104278742919 0.1203245175939028 0.17693797329015898
0 0.4828147628680378 0.8457386396084613 0.061304728190104164 0.29459010787874634
0 0.7522943457778619 0.5298259802031935 0.07449283729605123 0.3919128061038012
0 0.34942716481734293 0.5077723452919408 0.0818074284767618 0.4092604430795413
0 0.2954491985087492 0.9087447227790342 0.0755768600775271 0.17643505787988853
0 0.2905792184427482 0.06619292942055485 0.02943057105654762 0.13033559883547108
0 0.6051333420941619 0.3667227984868992 0.09695242537933142 0.39353447629694355
0 0.8833432100257095 0.549016885590135 0.09859694915563882 0.41974512736002606
0 0.37670453389485675 0.342155763280322 0.07196322590315422 0.374112592105977
0 0.05806849440749811 0.5924448939094766 0.08875413816802356 0.4453933225040547
0 0.4928829945674559 0.4499753539325201 0.08047521682012648 0.4018561826114766
0 0.6513241878172167 0.880260177523072 0.07239501330317283 0.23416244774533992
0 0.17441942253891302 0.7361618622004638 0.11021284505623538 0.5095586497881259
0 0.28490266345796134 0.45214786306459304 0.1182302358199139 0.6001605541385405
0 0.1749134193472311 0.14283360872003767 0.05945906347158004 0.2825790997485668
0 0.4430312850848347 0.9238766675804093 0.07255590529668898 0.15060549730445907
0 0.8992732820056734 0.9062371951097633 0.07062457856677827 0.1850526151601334
0 0.8227707480086761 0.23798075335764746 0.11232415024115115 0.30860018590737504
0 0.9639005077128507 0.13789680147031594 0.06280974303784014 0.27344115540298103
0 0.6753092655519239 0.2556391403689022 0.06933344626913265 0.39246329926607904
0 0.2723736211556156 0.9089104278742919 0.1203245175939028 0.17693797329015898
0 0.4828147628680378 0.8457386396084613 0.061304728190104164 0.29459010787874634
0 0.7522943457778619 0.5298259802031935 0.07449283729605123 0.3919128061038012
0 0.34942716481734293 0.5077723452919408 0.0818074284767618 0.4092604430795413
0 0.2954491985087492 0.9087447227790342 0.0755768600775271 0.17643505787988853
0 0.2905792184427482 0.06619292942055485 0.02943057105654762 0.13033559883547108
0 0.6051333420941619 0.3667227984868992 0.09695242537933142 0.39353447629694355
0 0.8833432100257095 0.549016885590135 0.09859694915563882 0.41974512736002606
0 0.37670453389485675 0.342155763280322 0.07196322590315422 0.374112592105977
0 0.05806849440749811 0.5924448939094766 0.08875413816802356 0.4453933225040547
0 0.4928829945674559 0.4499753539325201 0.08047521682012648 0.4018561826114766
0 0.6513241878172167 0.880260177523072 0.07239501330317283 0.23416244774533992
0 0.17441942253891302 0.7361618622004638 0.11021284505623538 0.5095586497881259
0 0.28490266345796134 0.45214786306459304 0.1182302358199139 0.6001605541385405
0 0.1749134193472311 0.14283360872003767 0.05945906347158004 0.2825790997485668
0 0.4430312850848347 0.9238766675804093 0.07255590529668898 0.15060549730445907
0 0.8992732820056734 0.9062371951097633 0.07062457856677827 0.1850526151601334
0 0.8227707480086761 0.23798075335764746 0.11232415024115115 0.30860018590737504
0 0.9639005077128507 0.13789680147031594 0.06280974303784014 0.27344115540298103
0 0.6753092655519239 0.2556391403689022 0.06933344626913265 0.39246329926607904
0 0.2723736211556156 0.9089104278742919 0.1203245175939028 0.17693797329015898
0 0.4828147628680378 0.8457386396084613 0.061304728190104164 0.29459010787874634
0 0.7522943457778619 0.5298259802031935 0.07449283729605123 0.3919128061038012
0 0.34942716481734293 0.5077723452919408 0.0818074284767618 0.4092604430795413
0 0.2954491985087492 0.9087447227790342 0.0755768600775271 0.17643505787988853
0 0.2905792184427482 0.06619292942055485 0.02943057105654762 0.13033559883547108
0 0.6051333420941619 0.3667227984868992 0.09695242537933142 0.39353447629694355
0 0.8833432100257095 0.549016885590135 0.09859694915563882 0.41974512736002606
0 0.37670453389485675 0.342155763280322 0.07196322590315422 0.374112592105977
0 0.05806849440749811 0.5924448939094766 0.08875413816802356 0.4453933225040547
0 0.4928829945674559 0.4499753539325201 0.08047521682012648 0.4018561826114766
0 0.6513241878172167 0.880260177523072 0.07239501330317283 0.23416244774533992
0 0.17441942253891302 0.7361618622004638 0.11021284505623538 0.5095586497881259
0 0.28490266345796134 0.45214786306459304 0.1182302358199139 0.6001605541385405
0 0.1749134193472311 0.14283360872003767 0.05945906347158004 0.2825790997485668
0 0.4430312850848347 0.9238766675804093 0.07255590529668898 0.15060549730445907
0 0.8992732820056734 0.9062371951097633 0.07062457856677827 0.1850526151601334
0 0.8227707480086761 0.23798075335764746 0.11232415024115115 0.30860018590737504
0 0.9639005077128507 0.13789680147031594 0.06280974303784014 0.27344115540298103
0 0.6753092655519239 0.2556391403689022 0.06933344626913265 0.39246329926607904
0 0.2723736211556156 0.9089104278742919 0.1203245175939028 0.17693797329015898
0 0.4828147628680378 0.8457386396084613 0.061304728190104164 0.29459010787874634
0 0.7522943457778619 0.5298259802031935 0.07449283729605123 0.3919128061038012
0 0.34942716481734293 0.5077723452919408 0.0818074284767618 0.4092604430795413
0 0.2954491985087492 0.9087447227790342 0.0755768600775271 0.17643505787988853
0 0.2905792184427482 0.06619292942055485 0.02943057105654762 0.13033559883547108
