0 0.54918082019363 0.6403040810236855 0.04812410618928488 0.30010146691054895
0 0.54918082019363 0.6403040810236855 0.04812410618928488 0.30010146691054895
0 0.54918082019363 0.6403040810236855 0.04812410618928488 0.30010146691054895
0 0.54918082019363 0.6403040810236855 0.04812410618928488 0.30010146691054895
0 0.54918082019363 0.6403040810236855 0.04812410618928488 0.30010146691054895
0 0.54918082019363 0.6403040810236855 0.04812410618928488 0.30010146691054895
0 0.54918082019363 0.6403040810236855 0.04812410618928488 0.30010146691054895
0 0.54918082019363 0.6403040810236855 0.04812410618928488 0.30010146691054895
0 0.54918082019363 0.6403040810236855 0.04812410618928488 0.30010146691054895
0 0.54918082019363 0.6403040810236855 0.04812410618928488 0.30010146691054895
