4 0.5382959876261967 0.2501659393310547 0.17170075967278278 0.0780853228380451
4 0.5209363883649799 0.5358027010987707 0.7535418926830023 0.599691832806431
7 0.5105908958005233 0.6408241185764808 0.7300218259784538 0.40008583715406515
2 0.5382959876261967 0.2501659393310547 0.17170075967278278 0.0780853228380451
2 0.5209363883649799 0.5358027010987707 0.7535418926830023 0.599691832806431
3 0.5105908958005233 0.6408241185764808 0.7300218259784538 0.40008583715406515
2 0.5382959876261967 0.2501659393310547 0.17170075967278278 0.0780853228380451
2 0.5209363883649799 0.5358027010987707 0.7535418926830023 0.599691832806431
3 0.5105908958005233 0.6408241185764808 0.7300218259784538 0.40008583715406515
2 0.5382959876261967 0.2501659393310547 0.17170075967278278 0.0780853228380451
2 0.5209363883649799 0.5358027010987707 0.7535418926830023 0.599691832806431
3 0.5105908958005233 0.6408241185764808 0.7300218259784538 0.40008583715406515
2 0.5382959876261967 0.2501659393310547 0.17170075967278278 0.0780853228380451
2 0.5209363883649799 0.5358027010987707 0.7535418926830023 0.599691832806431
3 0.5105908958005233 0.6408241185764808 0.7300218259784538 0.40008583715406515
2 0.5382959876261967 0.2501659393310547 0.17170075967278278 0.0780853228380451
2 0.5209363883649799 0.5358027010987707 0.7535418926830023 0.599691832806431
3 0.5105908958005233 0.6408241185764808 0.7300218259784538 0.40008583715406515
2 0.5382959876261967 0.2501659393310547 0.17170075967278278 0.0780853228380451
2 0.5209363883649799 0.5358027010987707 0.7535418926830023 0.599691832806431
3 0.5105908958005233 0.6408241185764808 0.7300218259784538 0.40008583715406515
2 0.5382959876261967 0.2501659393310547 0.17170075967278278 0.0780853228380451
2 0.5209363883649799 0.5358027010987707 0.7535418926830023 0.599691832806431
3 0.5105908958005233 0.6408241185764808 0.7300218259784538 0.40008583715406515
2 0.5382959876261967 0.2501659393310547 0.17170075967278278 0.0780853228380451
2 0.5209363883649799 0.5358027010987707 0.7535418926830023 0.599691832806431
3 0.5105908958005233 0.6408241185764808 0.7300218259784538 0.40008583715406515
2 0.5382959876261967 0.2501659393310547 0.17170075967278278 0.0780853228380451
2 0.5209363883649799 0.5358027010987707 0.7535418926830023 0.599691832806431
3 0.5105908958005233 0.6408241185764808 0.7300218259784538 0.40008583715406515
