0 0.518124110663115 0.5763745003558219 0.11123275756835938 0.4401190737460522
0 0.40551299479470326 0.4572709469085044 0.037727185149691 0.16156764740639545
2 0.13295445602331588 0.5009341341383914 0.22486424624030268 0.19769867430342006
0 0.4658044985870817 0.4449944191790642 0.045935645032284866 0.1743504950340758
0 0.6606392931582322 0.4422165485138589 0.03750189026789879 0.15290702657496674
2 0.2256373505094158 0.43511837086779004 0.064087597291861 0.07256211625768784
0 0.30451427288909455 0.4325970791755839 0.019874458882346083 0.07791174219009724
0 0.9909379873702775 0.6798994997714428 0.017702700486823694 0.3516363590321642
0 0.518124110663115 0.5763745003558219 0.11123275756835938 0.4401190737460522
0 0.40551299479470326 0.4572709469085044 0.037727185149691 0.16156764740639545
1 0.13295445602331588 0.5009341341383914 0.22486424624030268 0.19769867430342006
0 0.4658044985870817 0.4449944191790642 0.045935645032284866 0.1743504950340758
0 0.6606392931582322 0.4422165485138589 0.03750189026789879 0.15290702657496674
1 0.2256373505094158 0.43511837086779004 0.064087597291861 0.07256211625768784
0 0.30451427288909455 0.4325970791755839 0.019874458882346083 0.07791174219009724
0 0.9909379873702775 0.6798994997714428 0.017702700486823694 0.3516363590321642
0 0.518124110663115 0.5763745003558219 0.11123275756835938 0.4401190737460522
0 0.40551299479470326 0.4572709469085044 0.037727185149691 0.16156764740639545
1 0.13295445602331588 0.5009341341383914 0.22486424624030268 0.19769867430342006
0 0.4658044985870817 0.4449944191790642 0.045935645032284866 0.1743504950340758
0 0.6606392931582322 0.4422165485138589 0.03750189026789879 0.15290702657496674
1 0.2256373505094158 0.43511837086779004 0.064087597291861 0.07256211625768784
0 0.30451427288909455 0.4325970791755839 0.019874458882346083 0.07791174219009724
0 0.9909379873702775 0.6798994997714428 0.017702700486823694 0.3516363590321642
0 0.518124110663115 0.5763745003558219 0.11123275756835938 0.4401190737460522
0 0.40551299479470326 0.4572709469085044 0.037727185149691 0.16156764740639545
1 0.13295445602331588 0.5009341341383914 0.22486424624030268 0.19769867430342006
0 0.4658044985870817 0.4449944191790642 0.045935645032284866 0.1743504950340758
0 0.6606392931582322 0.4422165485138589 0.03750189026789879 0.15290702657496674
1 0.2256373505094158 0.43511837086779004 0.064087597291861 0.07256211625768784
0 0.30451427288909455 0.4325970791755839 0.019874458882346083 0.07791174219009724
0 0.9909379873702775 0.6798994997714428 0.017702700486823694 0.3516363590321642
0 0.518124110663115 0.5763745003558219 0.11123275756835938 0.4401190737460522
0 0.40551299479470326 0.4572709469085044 0.037727185149691 0.16156764740639545
1 0.13295445602331588 0.5009341341383914 0.22486424624030268 0.19769867430342006
0 0.4658044985870817 0.4449944191790642 0.045935645032284866 0.1743504950340758
0 0.6606392931582322 0.4422165485138589 0.03750189026789879 0.15290702657496674
1 0.2256373505094158 0.43511837086779004 0.064087597291861 0.07256211625768784
0 0.30451427288909455 0.4325970791755839 0.019874458882346083 0.07791174219009724
0 0.9909379873702775 0.6798994997714428 0.017702700486823694 0.3516363590321642
0 0.518124110663115 0.5763745003558219 0.11123275756835938 0.4401190737460522
0 0.40551299479470326 0.4572709469085044 0.037727185149691 0.16156764740639545
1 0.13295445602331588 0.5009341341383914 0.22486424624030268 0.19769867430342006
0 0.4658044985870817 0.4449944191790642 0.045935645032284866 0.1743504950340758
0 0.6606392931582322 0.4422165485138589 0.03750189026789879 0.15290702657496674
1 0.2256373505094158 0.43511837086779004 0.064087597291861 0.07256211625768784
0 0.30451427288909455 0.4325970791755839 0.019874458882346083 0.07791174219009724
0 0.9909379873702775 0.6798994997714428 0.017702700486823694 0.3516363590321642
0 0.518124110663115 0.5763745003558219 0.11123275756835938 0.4401190737460522
0 0.40551299479470326 0.4572709469085044 0.037727185149691 0.16156764740639545
1 0.13295445602331588 0.5009341341383914 0.22486424624030268 0.19769867430342006
0 0.4658044985870817 0.4449944191790642 0.045935645032284866 0.1743504950340758
0 0.6606392931582322 0.4422165485138589 0.03750189026789879 0.15290702657496674
1 0.2256373505094158 0.43511837086779004 0.064087597291861 0.07256211625768784
0 0.30451427288909455 0.4325970791755839 0.019874458882346083 0.07791174219009724
0 0.9909379873702775 0.6798994997714428 0.017702700486823694 0.3516363590321642
0 0.518124110663115 0.5763745003558219 0.11123275756835938 0.4401190737460522
0 0.40551299479470326 0.4572709469085044 0.037727185149691 0.16156764740639545
1 0.13295445602331588 0.5009341341383914 0.22486424624030268 0.19769867430342006
0 0.4658044985870817 0.4449944191790642 0.045935645032284866 0.1743504950340758
0 0.6606392931582322 0.4422165485138589 0.03750189026789879 0.15290702657496674
1 0.2256373505094158 0.43511837086779004 0.064087597291861 0.07256211625768784
0 0.30451427288909455 0.4325970791755839 0.019874458882346083 0.07791174219009724
0 0.9909379873702775 0.6798994997714428 0.017702700486823694 0.3516363590321642
0 0.518124110663115 0.5763745003558219 0.11123275756835938 0.4401190737460522
0 0.40551299479470326 0.4572709469085044 0.037727185149691 0.16156764740639545
1 0.13295445602331588 0.5009341341383914 0.22486424624030268 0.19769867430342006
0 0.4658044985870817 0.4449944191790642 0.045935645032284866 0.1743504950340758
0 0.6606392931582322 0.4422165485138589 0.03750189026789879 0.15290702657496674
1 0.2256373505094158 0.43511837086779004 0.064087597291861 0.07256211625768784
0 0.30451427288909455 0.4325970791755839 0.019874458882346083 0.07791174219009724
0 0.9909379873702775 0.6798994997714428 0.017702700486823694 0.3516363590321642
0 0.518124110663115 0.5763745003558219 0.11123275756835938 0.4401190737460522
0 0.40551299479470326 0.4572709469085044 0.037727185149691 0.16156764740639545
1 0.13295445602331588 0.5009341341383914 0.22486424624030268 0.19769867430342006
0 0.4658044985870817 0.4449944191790642 0.045935645032284866 0.1743504950340758
0 0.6606392931582322 0.4422165485138589 0.03750189026789879 0.15290702657496674
1 0.2256373505094158 0.43511837086779004 0.064087597291861 0.07256211625768784
0 0.30451427288909455 0.4325970791755839 0.019874458882346083 0.07791174219009724
0 0.9909379873702775 0.6798994997714428 0.017702700486823694 0.3516363590321642
