0 0.644889776056463 0.623256652081599 0.2527387584339489 0.6530458419049372
0 0.29816628196022726 0.5857657343963456 0.13088273481889204 0.3519523912440232
0 0.8324273959073153 0.5871733159966808 0.06570895108309659 0.2079688317137338
0 0.7665350619229403 0.581091396144179 0.043604680841619316 0.18224709932921362
0 0.10491338556463069 0.5912778468731322 0.0745695079456676 0.2551055658059042
0 0.020712417255748402 0.6060575683260224 0.041424834511496804 0.4037447653181566
0 0.9271426669034091 0.5949319724828168 0.061276633522727275 0.1587495230586151
0 0.644889776056463 0.623256652081599 0.2527387584339489 0.6530458419049372
0 0.29816628196022726 0.5857657343963456 0.13088273481889204 0.3519523912440232
0 0.8324273959073153 0.5871733159966808 0.06570895108309659 0.2079688317137338
0 0.7665350619229403 0.581091396144179 0.043604680841619316 0.18224709932921362
0 0.10491338556463069 0.5912778468731322 0.0745695079456676 0.2551055658059042
0 0.020712417255748402 0.6060575683260224 0.041424834511496804 0.4037447653181566
0 0.9271426669034091 0.5949319724828168 0.061276633522727275 0.1587495230586151
0 0.644889776056463 0.623256652081599 0.2527387584339489 0.6530458419049372
0 0.29816628196022726 0.5857657343963456 0.13088273481889204 0.3519523912440232
0 0.8324273959073153 0.5871733159966808 0.06570895108309659 0.2079688317137338
0 0.7665350619229403 0.581091396144179 0.043604680841619316 0.18224709932921362
0 0.10491338556463069 0.5912778468731322 0.0745695079456676 0.2551055658059042
0 0.020712417255748402 0.6060575683260224 0.041424834511496804 0.4037447653181566
0 0.9271426669034091 0.5949319724828168 0.061276633522727275 0.1587495230586151
0 0.644889776056463 0.623256652081599 0.2527387584339489 0.6530458419049372
0 0.29816628196022726 0.5857657343963456 0.13088273481889204 0.3519523912440232
0 0.8324273959073153 0.5871733159966808 0.06570895108309659 0.2079688317137338
0 0.7665350619229403 0.581091396144179 0.043604680841619316 0.18224709932921362
0 0.10491338556463069 0.5912778468731322 0.0745695079456676 0.2551055658059042
0 0.020712417255748402 0.6060575683260224 0.041424834511496804 0.4037447653181566
0 0.9271426669034091 0.5949319724828168 0.061276633522727275 0.1587495230586151
0 0.644889776056463 0.623256652081599 0.2527387584339489 0.6530458419049372
0 0.29816628196022726 0.5857657343963456 0.13088273481889204 0.3519523912440232
0 0.8324273959073153 0.5871733159966808 0.06570895108309659 0.2079688317137338
0 0.7665350619229403 0.581091396144179 0.043604680841619316 0.18224709932921362
0 0.10491338556463069 0.5912778468731322 0.0745695079456676 0.2551055658059042
0 0.020712417255748402 0.6060575683260224 0.041424834511496804 0.4037447653181566
0 0.9271426669034091 0.5949319724828168 0.061276633522727275 0.1587495230586151
0 0.644889776056463 0.623256652081599 0.2527387584339489 0.6530458419049372
0 0.29816628196022726 0.5857657343963456 0.13088273481889204 0.3519523912440232
0 0.8324273959073153 0.5871733159966808 0.06570895108309659 0.2079688317137338
0 0.7665350619229403 0.581091396144179 0.043604680841619316 0.18224709932921362
0 0.10491338556463069 0.5912778468731322 0.0745695079456676 0.2551055658059042
0 0.020712417255748402 0.6060575683260224 0.041424834511496804 0.4037447653181566
0 0.9271426669034091 0.5949319724828168 0.061276633522727275 0.1587495230586151
0 0.644889776056463 0.623256652081599 0.2527387584339489 0.6530458419049372
0 0.29816628196022726 0.5857657343963456 0.13088273481889204 0.3519523912440232
0 0.8324273959073153 0.5871733159966808 0.06570895108309659 0.2079688317137338
0 0.7665350619229403 0.581091396144179 0.043604680841619316 0.18224709932921362
0 0.10491338556463069 0.5912778468731322 0.0745695079456676 0.2551055658059042
0 0.020712417255748402 0.6060575683260224 0.041424834511496804 0.4037447653181566
0 0.9271426669034091 0.5949319724828168 0.061276633522727275 0.1587495230586151
0 0.644889776056463 0.623256652081599 0.2527387584339489 0.6530458419049372
0 0.29816628196022726 0.5857657343963456 0.13088273481889204 0.3519523912440232
0 0.8324273959073153 0.5871733159966808 0.06570895108309659 0.2079688317137338
0 0.7665350619229403 0.581091396144179 0.043604680841619316 0.18224709932921362
0 0.10491338556463069 0.5912778468731322 0.0745695079456676 0.2551055658059042
0 0.020712417255748402 0.6060575683260224 0.041424834511496804 0.4037447653181566
0 0.9271426669034091 0.5949319724828168 0.061276633522727275 0.1587495230586151
0 0.644889776056463 0.623256652081599 0.2527387584339489 0.6530458419049372
0 0.29816628196022726 0.5857657343963456 0.13088273481889204 0.3519523912440232
0 0.8324273959073153 0.5871733159966808 0.06570895108309659 0.2079688317137338
0 0.7665350619229403 0.581091396144179 0.043604680841619316 0.18224709932921362
0 0.10491338556463069 0.5912778468731322 0.0745695079456676 0.2551055658059042
0 0.020712417255748402 0.6060575683260224 0.041424834511496804 0.4037447653181566
0 0.9271426669034091 0.5949319724828168 0.061276633522727275 0.1587495230586151
0 0.644889776056463 0.623256652081599 0.2527387584339489 0.6530458419049372
0 0.29816628196022726 0.5857657343963456 0.13088273481889204 0.3519523912440232
0 0.8324273959073153 0.5871733159966808 0.06570895108309659 0.2079688317137338
0 0.7665350619229403 0.581091396144179 0.043604680841619316 0.18224709932921362
0 0.10491338556463069 0.5912778468731322 0.0745695079456676 0.2551055658059042
0 0.020712417255748402 0.6060575683260224 0.041424834511496804 0.4037447653181566
0 0.9271426669034091 0.5949319724828168 0.061276633522727275 0.1587495230586151
