0 0.665460205078125 0.43616697697040163 0.16998557350852272 0.6193714350299105
0 0.1737363815307617 0.4518857132541677 0.17879976445978338 0.49863552656330046
0 0.7523495760830966 0.42795006173555966 0.025238148082386364 0.10897064208984375
2 0.9819256036931818 0.44815257338226816 0.03556485262784091 0.05297530544260161
0 0.8266710316051137 0.43527594811277964 0.02081298828125 0.09067318608852032
0 0.9152275501598012 0.41856472870039807 0.052826371626420454 0.16725406750955216
2 0.467236064564098 0.4533720589726349 0.028631342107599433 0.03148371795487534
0 0.8064902010830965 0.43715713584357924 0.025448552911931818 0.11009724934895833
0 0.7691530262340199 0.429603389052094 0.01964017001065341 0.10010578593269723
2 0.43314314408735793 0.4522365299078936 0.03248940207741477 0.04401918838584358
0 0.665460205078125 0.43616697697040163 0.16998557350852272 0.6193714350299105
0 0.1737363815307617 0.4518857132541677 0.17879976445978338 0.49863552656330046
0 0.7523495760830966 0.42795006173555966 0.025238148082386364 0.10897064208984375
1 0.9819256036931818 0.44815257338226816 0.03556485262784091 0.05297530544260161
0 0.8266710316051137 0.43527594811277964 0.02081298828125 0.09067318608852032
0 0.9152275501598012 0.41856472870039807 0.052826371626420454 0.16725406750955216
1 0.467236064564098 0.4533720589726349 0.028631342107599433 0.03148371795487534
0 0.8064902010830965 0.43715713584357924 0.025448552911931818 0.11009724934895833
0 0.7691530262340199 0.429603389052094 0.01964017001065341 0.10010578593269723
1 0.43314314408735793 0.4522365299078936 0.03248940207741477 0.04401918838584358
0 0.665460205078125 0.43616697697040163 0.16998557350852272 0.6193714350299105
0 0.1737363815307617 0.4518857132541677 0.17879976445978338 0.49863552656330046
0 0.7523495760830966 0.42795006173555966 0.025238148082386364 0.10897064208984375
1 0.9819256036931818 0.44815257338226816 0.03556485262784091 0.05297530544260161
0 0.8266710316051137 0.43527594811277964 0.02081298828125 0.09067318608852032
0 0.9152275501598012 0.41856472870039807 0.052826371626420454 0.16725406750955216
1 0.467236064564098 0.4533720589726349 0.028631342107599433 0.03148371795487534
0 0.8064902010830965 0.43715713584357924 0.025448552911931818 0.11009724934895833
0 0.7691530262340199 0.429603389052094 0.01964017001065341 0.10010578593269723
1 0.43314314408735793 0.4522365299078936 0.03248940207741477 0.04401918838584358
0 0.665460205078125 0.43616697697040163 0.16998557350852272 0.6193714350299105
0 0.1737363815307617 0.4518857132541677 0.17879976445978338 0.49863552656330046
0 0.7523495760830966 0.42795006173555966 0.025238148082386364 0.10897064208984375
1 0.9819256036931818 0.44815257338226816 0.03556485262784091 0.05297530544260161
0 0.8266710316051137 0.43527594811277964 0.02081298828125 0.09067318608852032
0 0.9152275501598012 0.41856472870039807 0.052826371626420454 0.16725406750955216
1 0.467236064564098 0.4533720589726349 0.028631342107599433 0.03148371795487534
0 0.8064902010830965 0.43715713584357924 0.025448552911931818 0.11009724934895833
0 0.7691530262340199 0.429603389052094 0.01964017001065341 0.10010578593269723
1 0.43314314408735793 0.4522365299078936 0.03248940207741477 0.04401918838584358
0 0.665460205078125 0.43616697697040163 0.16998557350852272 0.6193714350299105
0 0.1737363815307617 0.4518857132541677 0.17879976445978338 0.49863552656330046
0 0.7523495760830966 0.42795006173555966 0.025238148082386364 0.10897064208984375
1 0.9819256036931818 0.44815257338226816 0.03556485262784091 0.05297530544260161
0 0.8266710316051137 0.43527594811277964 0.02081298828125 0.09067318608852032
0 0.9152275501598012 0.41856472870039807 0.052826371626420454 0.16725406750955216
1 0.467236064564098 0.4533720589726349 0.028631342107599433 0.03148371795487534
0 0.8064902010830965 0.43715713584357924 0.025448552911931818 0.11009724934895833
0 0.7691530262340199 0.429603389052094 0.01964017001065341 0.10010578593269723
1 0.43314314408735793 0.4522365299078936 0.03248940207741477 0.04401918838584358
0 0.665460205078125 0.43616697697040163 0.16998557350852272 0.6193714350299105
0 0.1737363815307617 0.4518857132541677 0.17879976445978338 0.49863552656330046
0 0.7523495760830966 0.42795006173555966 0.025238148082386364 0.10897064208984375
1 0.9819256036931818 0.44815257338226816 0.03556485262784091 0.05297530544260161
0 0.8266710316051137 0.43527594811277964 0.02081298828125 0.09067318608852032
0 0.9152275501598012 0.41856472870039807 0.052826371626420454 0.16725406750955216
1 0.467236064564098 0.4533720589726349 0.028631342107599433 0.03148371795487534
0 0.8064902010830965 0.43715713584357924 0.025448552911931818 0.11009724934895833
0 0.7691530262340199 0.429603389052094 0.01964017001065341 0.10010578593269723
1 0.43314314408735793 0.4522365299078936 0.03248940207741477 0.04401918838584358
0 0.665460205078125 0.43616697697040163 0.16998557350852272 0.6193714350299105
0 0.1737363815307617 0.4518857132541677 0.17879976445978338 0.49863552656330046
0 0.7523495760830966 0.42795006173555966 0.025238148082386364 0.10897064208984375
1 0.9819256036931818 0.44815257338226816 0.03556485262784091 0.05297530544260161
0 0.8266710316051137 0.43527594811277964 0.02081298828125 0.09067318608852032
0 0.9152275501598012 0.41856472870039807 0.052826371626420454 0.16725406750955216
1 0.467236064564098 0.4533720589726349 0.028631342107599433 0.03148371795487534
0 0.8064902010830965 0.43715713584357924 0.025448552911931818 0.11009724934895833
0 0.7691530262340199 0.429603389052094 0.01964017001065341 0.10010578593269723
1 0.43314314408735793 0.4522365299078936 0.03248940207741477 0.04401918838584358
0 0.665460205078125 0.43616697697040163 0.16998557350852272 0.6193714350299105
0 0.1737363815307617 0.4518857132541677 0.17879976445978338 0.49863552656330046
0 0.7523495760830966 0.42795006173555966 0.025238148082386364 0.10897064208984375
1 0.9819256036931818 0.44815257338226816 0.03556485262784091 0.05297530544260161
0 0.8266710316051137 0.43527594811277964 0.02081298828125 0.09067318608852032
0 0.9152275501598012 0.41856472870039807 0.052826371626420454 0.16725406750955216
1 0.467236064564098 0.4533720589726349 0.028631342107599433 0.03148371795487534
0 0.8064902010830965 0.43715713584357924 0.025448552911931818 0.11009724934895833
0 0.7691530262340199 0.429603389052094 0.01964017001065341 0.10010578593269723
1 0.43314314408735793 0.4522365299078936 0.03248940207741477 0.04401918838584358
0 0.665460205078125 0.43616697697040163 0.16998557350852272 0.6193714350299105
0 0.1737363815307617 0.4518857132541677 0.17879976445978338 0.49863552656330046
0 0.7523495760830966 0.42795006173555966 0.025238148082386364 0.10897064208984375
1 0.9819256036931818 0.44815257338226816 0.03556485262784091 0.05297530544260161
0 0.8266710316051137 0.43527594811277964 0.02081298828125 0.09067318608852032
0 0.9152275501598012 0.41856472870039807 0.052826371626420454 0.16725406750955216
1 0.467236064564098 0.4533720589726349 0.028631342107599433 0.03148371795487534
0 0.8064902010830965 0.43715713584357924 0.025448552911931818 0.11009724934895833
0 0.7691530262340199 0.429603389052094 0.01964017001065341 0.10010578593269723
1 0.43314314408735793 0.4522365299078936 0.03248940207741477 0.04401918838584358
0 0.665460205078125 0.43616697697040163 0.16998557350852272 0.6193714350299105
0 0.1737363815307617 0.4518857132541677 0.17879976445978338 0.49863552656330046
0 0.7523495760830966 0.42795006173555966 0.025238148082386364 0.10897064208984375
1 0.9819256036931818 0.44815257338226816 0.03556485262784091 0.05297530544260161
0 0.8266710316051137 0.43527594811277964 0.02081298828125 0.09067318608852032
0 0.9152275501598012 0.41856472870039807 0.052826371626420454 0.16725406750955216
1 0.467236064564098 0.4533720589726349 0.028631342107599433 0.03148371795487534
0 0.8064902010830965 0.43715713584357924 0.025448552911931818 0.11009724934895833
0 0.7691530262340199 0.429603389052094 0.01964017001065341 0.10010578593269723
1 0.43314314408735793 0.4522365299078936 0.03248940207741477 0.04401918838584358
