0 0.27399033286354757 0.38379601442097316 0.15193144364790484 0.5383653692860421
0 0.15123916279185903 0.47308262058945955 0.10077753933993253 0.3317684319501366
0 0.27399033286354757 0.38379601442097316 0.15193144364790484 0.5383653692860421
0 0.15123916279185903 0.47308262058945955 0.10077753933993253 0.3317684319501366
0 0.27399033286354757 0.38379601442097316 0.15193144364790484 0.5383653692860421
0 0.15123916279185903 0.47308262058945955 0.10077753933993253 0.3317684319501366
0 0.27399033286354757 0.38379601442097316 0.15193144364790484 0.5383653692860421
0 0.15123916279185903 0.47308262058945955 0.10077753933993253 0.3317684319501366
0 0.27399033286354757 0.38379601442097316 0.15193144364790484 0.5383653692860421
0 0.15123916279185903 0.47308262058945955 0.10077753933993253 0.3317684319501366
0 0.27399033286354757 0.38379601442097316 0.15193144364790484 0.5383653692860421
0 0.15123916279185903 0.47308262058945955 0.10077753933993253 0.3317684319501366
0 0.27399033286354757 0.38379601442097316 0.15193144364790484 0.5383653692860421
0 0.15123916279185903 0.47308262058945955 0.10077753933993253 0.3317684319501366
0 0.27399033286354757 0.38379601442097316 0.15193144364790484 0.5383653692860421
0 0.15123916279185903 0.47308262058945955 0.10077753933993253 0.3317684319501366
0 0.27399033286354757 0.38379601442097316 0.15193144364790484 0.5383653692860421
0 0.15123916279185903 0.47308262058945955 0.10077753933993253 0.3317684319501366
0 0.27399033286354757 0.38379601442097316 0.15193144364790484 0.5383653692860421
0 0.15123916279185903 0.47308262058945955 0.10077753933993253 0.3317684319501366
