0 0.7195361882990057 0.5438383550591808 0.19738203568892046 0.6731662020657232
2 0.9442322054776279 0.5450698977611104 0.11047246759588068 0.29134935889739155
2 0.3150974620472301 0.5886892933663124 0.0740688809481534 0.0971100187041069
2 0.4183658669211648 0.5816629962191555 0.09916459517045455 0.10407052795743682
2 0.8685924738103693 0.5066699773236051 0.26100086558948865 0.3408583135552745
7 0.8693449263139205 0.5070087036799863 0.2603000710227273 0.34231609073492997
0 0.3607833030007102 0.5643330349948237 0.030748679421164774 0.11780798239786117
0 0.7195361882990057 0.5438383550591808 0.19738203568892046 0.6731662020657232
1 0.9442322054776279 0.5450698977611104 0.11047246759588068 0.29134935889739155
1 0.3150974620472301 0.5886892933663124 0.0740688809481534 0.0971100187041069
1 0.4183658669211648 0.5816629962191555 0.09916459517045455 0.10407052795743682
1 0.8685924738103693 0.5066699773236051 0.26100086558948865 0.3408583135552745
3 0.8693449263139205 0.5070087036799863 0.2603000710227273 0.34231609073492997
0 0.3607833030007102 0.5643330349948237 0.030748679421164774 0.11780798239786117
0 0.7195361882990057 0.5438383550591808 0.19738203568892046 0.6731662020657232
1 0.9442322054776279 0.5450698977611104 0.11047246759588068 0.29134935889739155
1 0.3150974620472301 0.5886892933663124 0.0740688809481534 0.0971100187041069
1 0.4183658669211648 0.5816629962191555 0.09916459517045455 0.10407052795743682
1 0.8685924738103693 0.5066699773236051 0.26100086558948865 0.3408583135552745
3 0.8693449263139205 0.5070087036799863 0.2603000710227273 0.34231609073492997
0 0.3607833030007102 0.5643330349948237 0.030748679421164774 0.11780798239786117
0 0.7195361882990057 0.5438383550591808 0.19738203568892046 0.6731662020657232
1 0.9442322054776279 0.5450698977611104 0.11047246759588068 0.29134935889739155
1 0.3150974620472301 0.5886892933663124 0.0740688809481534 0.0971100187041069
1 0.4183658669211648 0.5816629962191555 0.09916459517045455 0.10407052795743682
1 0.8685924738103693 0.5066699773236051 0.26100086558948865 0.3408583135552745
3 0.8693449263139205 0.5070087036799863 0.2603000710227273 0.34231609073492997
0 0.3607833030007102 0.5643330349948237 0.030748679421164774 0.11780798239786117
0 0.7195361882990057 0.5438383550591808 0.19738203568892046 0.6731662020657232
1 0.9442322054776279 0.5450698977611104 0.11047246759588068 0.29134935889739155
1 0.3150974620472301 0.5886892933663124 0.0740688809481534 0.0971100187041069
1 0.4183658669211648 0.5816629962191555 0.09916459517045455 0.10407052795743682
1 0.8685924738103693 0.5066699773236051 0.26100086558948865 0.3408583135552745
3 0.8693449263139205 0.5070087036799863 0.2603000710227273 0.34231609073492997
0 0.3607833030007102 0.5643330349948237 0.030748679421164774 0.11780798239786117
0 0.7195361882990057 0.5438383550591808 0.19738203568892046 0.6731662020657232
1 0.9442322054776279 0.5450698977611104 0.11047246759588068 0.29134935889739155
1 0.3150974620472301 0.5886892933663124 0.0740688809481534 0.0971100187041069
1 0.4183658669211648 0.5816629962191555 0.09916459517045455 0.10407052795743682
1 0.8685924738103693 0.5066699773236051 0.26100086558948865 0.3408583135552745
3 0.8693449263139205 0.5070087036799863 0.2603000710227273 0.34231609073492997
0 0.3607833030007102 0.5643330349948237 0.030748679421164774 0.11780798239786117
0 0.7195361882990057 0.5438383550591808 0.19738203568892046 0.6731662020657232
1 0.9442322054776279 0.5450698977611104 0.11047246759588068 0.29134935889739155
1 0.3150974620472301 0.5886892933663124 0.0740688809481534 0.0971100187041069
1 0.4183658669211648 0.5816629962191555 0.09916459517045455 0.10407052795743682
1 0.8685924738103693 0.5066699773236051 0.26100086558948865 0.3408583135552745
3 0.8693449263139205 0.5070087036799863 0.2603000710227273 0.34231609073492997
0 0.3607833030007102 0.5643330349948237 0.030748679421164774 0.11780798239786117
0 0.7195361882990057 0.5438383550591808 0.19738203568892046 0.6731662020657232
1 0.9442322054776279 0.5450698977611104 0.11047246759588068 0.29134935889739155
1 0.3150974620472301 0.5886892933663124 0.0740688809481534 0.0971100187041069
1 0.4183658669211648 0.5816629962191555 0.09916459517045455 0.10407052795743682
1 0.8685924738103693 0.5066699773236051 0.26100086558948865 0.3408583135552745
3 0.8693449263139205 0.5070087036799863 0.2603000710227273 0.34231609073492997
0 0.3607833030007102 0.5643330349948237 0.030748679421164774 0.11780798239786117
0 0.7195361882990057 0.5438383550591808 0.19738203568892046 0.6731662020657232
1 0.9442322054776279 0.5450698977611104 0.11047246759588068 0.29134935889739155
1 0.3150974620472301 0.5886892933663124 0.0740688809481534 0.0971100187041069
1 0.4183658669211648 0.5816629962191555 0.09916459517045455 0.10407052795743682
1 0.8685924738103693 0.5066699773236051 0.26100086558948865 0.3408583135552745
3 0.8693449263139205 0.5070087036799863 0.2603000710227273 0.34231609073492997
0 0.3607833030007102 0.5643330349948237 0.030748679421164774 0.11780798239786117
0 0.7195361882990057 0.5438383550591808 0.19738203568892046 0.6731662020657232
1 0.9442322054776279 0.5450698977611104 0.11047246759588068 0.29134935889739155
1 0.3150974620472301 0.5886892933663124 0.0740688809481534 0.0971100187041069
1 0.4183658669211648 0.5816629962191555 0.09916459517045455 0.10407052795743682
1 0.8685924738103693 0.5066699773236051 0.26100086558948865 0.3408583135552745
3 0.8693449263139205 0.5070087036799863 0.2603000710227273 0.34231609073492997
0 0.3607833030007102 0.5643330349948237 0.030748679421164774 0.11780798239786117
