0 0.3657952275769464 0.6988304620501639 0.05269557032091864 0.27067105523471174
2 0.7827448877794989 0.5905750318505298 0.07627447720231681 0.0707573726259429
2 0.2996517181396484 0.5910119243051813 0.12318412517679149 0.08561741620644756
0 0.3657952275769464 0.6988304620501639 0.05269557032091864 0.27067105523471174
1 0.7827448877794989 0.5905750318505298 0.07627447720231681 0.0707573726259429
1 0.2996517181396484 0.5910119243051813 0.12318412517679149 0.08561741620644756
0 0.3657952275769464 0.6988304620501639 0.05269557032091864 0.27067105523471174
1 0.7827448877794989 0.5905750318505298 0.07627447720231681 0.0707573726259429
1 0.2996517181396484 0.5910119243051813 0.12318412517679149 0.08561741620644756
0 0.3657952275769464 0.6988304620501639 0.05269557032091864 0.27067105523471174
1 0.7827448877794989 0.5905750318505298 0.07627447720231681 0.0707573726259429
1 0.2996517181396484 0.5910119243051813 0.12318412517679149 0.08561741620644756
0 0.3657952275769464 0.6988304620501639 0.05269557032091864 0.27067105523471174
1 0.7827448877794989 0.5905750318505298 0.07627447720231681 0.0707573726259429
1 0.2996517181396484 0.5910119243051813 0.12318412517679149 0.08561741620644756
0 0.3657952275769464 0.6988304620501639 0.05269557032091864 0.27067105523471174
1 0.7827448877794989 0.5905750318505298 0.07627447720231681 0.0707573726259429
1 0.2996517181396484 0.5910119243051813 0.12318412517679149 0.08561741620644756
0 0.3657952275769464 0.6988304620501639 0.05269557032091864 0.27067105523471174
1 0.7827448877794989 0.5905750318505298 0.07627447720231681 0.0707573726259429
1 0.2996517181396484 0.5910119243051813 0.12318412517679149 0.08561741620644756
0 0.3657952275769464 0.6988304620501639 0.05269557032091864 0.27067105523471174
1 0.7827448877794989 0.5905750318505298 0.07627447720231681 0.0707573726259429
1 0.2996517181396484 0.5910119243051813 0.12318412517679149 0.08561741620644756
0 0.3657952275769464 0.6988304620501639 0.05269557032091864 0.27067105523471174
1 0.7827448877794989 0.5905750318505298 0.07627447720231681 0.0707573726259429
1 0.2996517181396484 0.5910119243051813 0.12318412517679149 0.08561741620644756
0 0.3657952275769464 0.6988304620501639 0.05269557032091864 0.27067105523471174
1 0.7827448877794989 0.5905750318505298 0.07627447720231681 0.0707573726259429
1 0.2996517181396484 0.5910119243051813 0.12318412517679149 0.08561741620644756
