0 0.0803213822344939 0.5210476915041605 0.1580571867028872 0.9190312169847035
0 0.33950709025065107 0.5117822516532171 0.17664805094401043 0.9176312117349534
7 0.7295660654703776 0.5038169906252906 0.539609120686849 0.5376241320655459
0 0.44377424875895183 0.478899149667649 0.04313468933105469 0.280892394837879
0 0.8268221282958984 0.37789461726234075 0.03708246866861979 0.05672711417788551
0 0.0803213822344939 0.5210476915041605 0.1580571867028872 0.9190312169847035
0 0.33950709025065107 0.5117822516532171 0.17664805094401043 0.9176312117349534
3 0.7295660654703776 0.5038169906252906 0.539609120686849 0.5376241320655459
0 0.44377424875895183 0.478899149667649 0.04313468933105469 0.280892394837879
0 0.8268221282958984 0.37789461726234075 0.03708246866861979 0.05672711417788551
0 0.0803213822344939 0.5210476915041605 0.1580571867028872 0.9190312169847035
0 0.33950709025065107 0.5117822516532171 0.17664805094401043 0.9176312117349534
3 0.7295660654703776 0.5038169906252906 0.539609120686849 0.5376241320655459
0 0.44377424875895183 0.478899149667649 0.04313468933105469 0.280892394837879
0 0.8268221282958984 0.37789461726234075 0.03708246866861979 0.05672711417788551
0 0.0803213822344939 0.5210476915041605 0.1580571867028872 0.9190312169847035
0 0.33950709025065107 0.5117822516532171 0.17664805094401043 0.9176312117349534
3 0.7295660654703776 0.5038169906252906 0.539609120686849 0.5376241320655459
0 0.44377424875895183 0.478899149667649 0.04313468933105469 0.280892394837879
0 0.8268221282958984 0.37789461726234075 0.03708246866861979 0.05672711417788551
0 0.0803213822344939 0.5210476915041605 0.1580571867028872 0.9190312169847035
0 0.33950709025065107 0.5117822516532171 0.17664805094401043 0.9176312117349534
3 0.7295660654703776 0.5038169906252906 0.539609120686849 0.5376241320655459
0 0.44377424875895183 0.478899149667649 0.04313468933105469 0.280892394837879
0 0.8268221282958984 0.37789461726234075 0.03708246866861979 0.05672711417788551
0 0.0803213822344939 0.5210476915041605 0.1580571867028872 0.9190312169847035
0 0.33950709025065107 0.5117822516532171 0.17664805094401043 0.9176312117349534
3 0.7295660654703776 0.5038169906252906 0.539609120686849 0.5376241320655459
0 0.44377424875895183 0.478899149667649 0.04313468933105469 0.280892394837879
0 0.8268221282958984 0.37789461726234075 0.03708246866861979 0.05672711417788551
0 0.0803213822344939 0.5210476915041605 0.1580571867028872 0.9190312169847035
0 0.33950709025065107 0.5117822516532171 0.17664805094401043 0.9176312117349534
3 0.7295660654703776 0.5038169906252906 0.539609120686849 0.5376241320655459
0 0.44377424875895183 0.478899149667649 0.04313468933105469 0.280892394837879
0 0.8268221282958984 0.37789461726234075 0.03708246866861979 0.05672711417788551
0 0.0803213822344939 0.5210476915041605 0.1580571867028872 0.9190312169847035
0 0.33950709025065107 0.5117822516532171 0.17664805094401043 0.9176312117349534
3 0.7295660654703776 0.5038169906252906 0.539609120686849 0.5376241320655459
0 0.44377424875895183 0.478899149667649 0.04313468933105469 0.280892394837879
0 0.8268221282958984 0.37789461726234075 0.03708246866861979 0.05672711417788551
0 0.0803213822344939 0.5210476915041605 0.1580571867028872 0.9190312169847035
0 0.33950709025065107 0.5117822516532171 0.17664805094401043 0.9176312117349534
3 0.7295660654703776 0.5038169906252906 0.539609120686849 0.5376241320655459
0 0.44377424875895183 0.478899149667649 0.04313468933105469 0.280892394837879
0 0.8268221282958984 0.37789461726234075 0.03708246866861979 0.05672711417788551
0 0.0803213822344939 0.5210476915041605 0.1580571867028872 0.9190312169847035
0 0.33950709025065107 0.5117822516532171 0.17664805094401043 0.9176312117349534
3 0.7295660654703776 0.5038169906252906 0.539609120686849 0.5376241320655459
0 0.44377424875895183 0.478899149667649 0.04313468933105469 0.280892394837879
0 0.8268221282958984 0.37789461726234075 0.03708246866861979 0.05672711417788551
