0 0.5613988749186198 0.6977001144772484 0.1267181396484375 0.40105206625802176
0 0.10670197486877442 0.6762915565854027 0.09707242965698243 0.4088800521123977
2 0.32206452687581383 0.35234049388340544 0.07011487325032552 0.10095092228480748
2 0.6296424102783204 0.37892953554789227 0.06310602823893229 0.08510846183413551
0 0.8115217590332031 0.6413466135660807 0.06499043782552083 0.32839021228608634
7 0.4762504196166992 0.2895292668115525 0.12743700663248697 0.13970863251459031
2 0.7487780253092448 0.4574620837257022 0.1461053466796875 0.1754730769566127
0 0.35679581960042317 0.6477546691894531 0.08467969258626303 0.31348709833054317
0 0.8646529897054036 0.6441683088030133 0.06578598022460938 0.34597433181036086
2 0.670391337076823 0.4174665609995524 0.06624003092447917 0.10003173918951125
0 0.9294323221842448 0.6494019145057315 0.062003682454427084 0.3206083661033994
0 0.3428301620483398 0.6331584794180733 0.07540377298990886 0.32884847550165086
0 0.3325003433227539 0.6272595269339425 0.05658302307128906 0.31529481070382254
2 0.6393297831217448 0.392898162206014 0.03968414306640625 0.08894663765316918
0 0.5613988749186198 0.6977001144772484 0.1267181396484375 0.40105206625802176
0 0.10670197486877442 0.6762915565854027 0.09707242965698243 0.4088800521123977
1 0.32206452687581383 0.35234049388340544 0.07011487325032552 0.10095092228480748
1 0.6296424102783204 0.37892953554789227 0.06310602823893229 0.08510846183413551
0 0.8115217590332031 0.6413466135660807 0.06499043782552083 0.32839021228608634
3 0.4762504196166992 0.2895292668115525 0.12743700663248697 0.13970863251459031
1 0.7487780253092448 0.4574620837257022 0.1461053466796875 0.1754730769566127
0 0.35679581960042317 0.6477546691894531 0.08467969258626303 0.31348709833054317
0 0.8646529897054036 0.6441683088030133 0.06578598022460938 0.34597433181036086
1 0.670391337076823 0.4174665609995524 0.06624003092447917 0.10003173918951125
0 0.9294323221842448 0.6494019145057315 0.062003682454427084 0.3206083661033994
0 0.3428301620483398 0.6331584794180733 0.07540377298990886 0.32884847550165086
0 0.3325003433227539 0.6272595269339425 0.05658302307128906 0.31529481070382254
1 0.6393297831217448 0.392898162206014 0.03968414306640625 0.08894663765316918
0 0.5613988749186198 0.6977001144772484 0.1267181396484375 0.40105206625802176
0 0.10670197486877442 0.6762915565854027 0.09707242965698243 0.4088800521123977
1 0.32206452687581383 0.35234049388340544 0.07011487325032552 0.10095092228480748
1 0.6296424102783204 0.37892953554789227 0.06310602823893229 0.08510846183413551
0 0.8115217590332031 0.6413466135660807 0.06499043782552083 0.32839021228608634
3 0.4762504196166992 0.2895292668115525 0.12743700663248697 0.13970863251459031
1 0.7487780253092448 0.4574620837257022 0.1461053466796875 0.1754730769566127
0 0.35679581960042317 0.6477546691894531 0.08467969258626303 0.31348709833054317
0 0.8646529897054036 0.6441683088030133 0.06578598022460938 0.34597433181036086
1 0.670391337076823 0.4174665609995524 0.06624003092447917 0.10003173918951125
0 0.9294323221842448 0.6494019145057315 0.062003682454427084 0.3206083661033994
0 0.3428301620483398 0.6331584794180733 0.07540377298990886 0.32884847550165086
0 0.3325003433227539 0.6272595269339425 0.05658302307128906 0.31529481070382254
1 0.6393297831217448 0.392898162206014 0.03968414306640625 0.08894663765316918
0 0.5613988749186198 0.6977001144772484 0.1267181396484375 0.40105206625802176
0 0.10670197486877442 0.6762915565854027 0.09707242965698243 0.4088800521123977
1 0.32206452687581383 0.35234049388340544 0.07011487325032552 0.10095092228480748
1 0.6296424102783204 0.37892953554789227 0.06310602823893229 0.08510846183413551
0 0.8115217590332031 0.6413466135660807 0.06499043782552083 0.32839021228608634
3 0.4762504196166992 0.2895292668115525 0.12743700663248697 0.13970863251459031
1 0.7487780253092448 0.4574620837257022 0.1461053466796875 0.1754730769566127
0 0.35679581960042317 0.6477546691894531 0.08467969258626303 0.31348709833054317
0 0.8646529897054036 0.6441683088030133 0.06578598022460938 0.34597433181036086
1 0.670391337076823 0.4174665609995524 0.06624003092447917 0.10003173918951125
0 0.9294323221842448 0.6494019145057315 0.062003682454427084 0.3206083661033994
0 0.3428301620483398 0.6331584794180733 0.07540377298990886 0.32884847550165086
0 0.3325003433227539 0.6272595269339425 0.05658302307128906 0.31529481070382254
1 0.6393297831217448 0.392898162206014 0.03968414306640625 0.08894663765316918
0 0.5613988749186198 0.6977001144772484 0.1267181396484375 0.40105206625802176
0 0.10670197486877442 0.6762915565854027 0.09707242965698243 0.4088800521123977
1 0.32206452687581383 0.35234049388340544 0.07011487325032552 0.10095092228480748
1 0.6296424102783204 0.37892953554789227 0.06310602823893229 0.08510846183413551
0 0.8115217590332031 0.6413466135660807 0.06499043782552083 0.32839021228608634
3 0.4762504196166992 0.2895292668115525 0.12743700663248697 0.13970863251459031
1 0.7487780253092448 0.4574620837257022 0.1461053466796875 0.1754730769566127
0 0.35679581960042317 0.6477546691894531 0.08467969258626303 0.31348709833054317
0 0.8646529897054036 0.6441683088030133 0.06578598022460938 0.34597433181036086
1 0.670391337076823 0.4174665609995524 0.06624003092447917 0.10003173918951125
0 0.9294323221842448 0.6494019145057315 0.062003682454427084 0.3206083661033994
0 0.3428301620483398 0.6331584794180733 0.07540377298990886 0.32884847550165086
0 0.3325003433227539 0.6272595269339425 0.05658302307128906 0.31529481070382254
1 0.6393297831217448 0.392898162206014 0.03968414306640625 0.08894663765316918
0 0.5613988749186198 0.6977001144772484 0.1267181396484375 0.40105206625802176
0 0.10670197486877442 0.6762915565854027 0.09707242965698243 0.4088800521123977
1 0.32206452687581383 0.35234049388340544 0.07011487325032552 0.10095092228480748
1 0.6296424102783204 0.37892953554789227 0.06310602823893229 0.08510846183413551
0 0.8115217590332031 0.6413466135660807 0.06499043782552083 0.32839021228608634
3 0.4762504196166992 0.2895292668115525 0.12743700663248697 0.13970863251459031
1 0.7487780253092448 0.4574620837257022 0.1461053466796875 0.1754730769566127
0 0.35679581960042317 0.6477546691894531 0.08467969258626303 0.31348709833054317
0 0.8646529897054036 0.6441683088030133 0.06578598022460938 0.34597433181036086
1 0.670391337076823 0.4174665609995524 0.06624003092447917 0.10003173918951125
0 0.9294323221842448 0.6494019145057315 0.062003682454427084 0.3206083661033994
0 0.3428301620483398 0.6331584794180733 0.07540377298990886 0.32884847550165086
0 0.3325003433227539 0.6272595269339425 0.05658302307128906 0.31529481070382254
1 0.6393297831217448 0.392898162206014 0.03968414306640625 0.08894663765316918
0 0.5613988749186198 0.6977001144772484 0.1267181396484375 0.40105206625802176
0 0.10670197486877442 0.6762915565854027 0.09707242965698243 0.4088800521123977
1 0.32206452687581383 0.35234049388340544 0.07011487325032552 0.10095092228480748
1 0.6296424102783204 0.37892953554789227 0.06310602823893229 0.08510846183413551
0 0.8115217590332031 0.6413466135660807 0.06499043782552083 0.32839021228608634
3 0.4762504196166992 0.2895292668115525 0.12743700663248697 0.13970863251459031
1 0.7487780253092448 0.4574620837257022 0.1461053466796875 0.1754730769566127
0 0.35679581960042317 0.6477546691894531 0.08467969258626303 0.31348709833054317
0 0.8646529897054036 0.6441683088030133 0.06578598022460938 0.34597433181036086
1 0.670391337076823 0.4174665609995524 0.06624003092447917 0.10003173918951125
0 0.9294323221842448 0.6494019145057315 0.062003682454427084 0.3206083661033994
0 0.3428301620483398 0.6331584794180733 0.07540377298990886 0.32884847550165086
0 0.3325003433227539 0.6272595269339425 0.05658302307128906 0.31529481070382254
1 0.6393297831217448 0.392898162206014 0.03968414306640625 0.08894663765316918
0 0.5613988749186198 0.6977001144772484 0.1267181396484375 0.40105206625802176
0 0.10670197486877442 0.6762915565854027 0.09707242965698243 0.4088800521123977
1 0.32206452687581383 0.35234049388340544 0.07011487325032552 0.10095092228480748
1 0.6296424102783204 0.37892953554789227 0.06310602823893229 0.08510846183413551
0 0.8115217590332031 0.6413466135660807 0.06499043782552083 0.32839021228608634
3 0.4762504196166992 0.2895292668115525 0.12743700663248697 0.13970863251459031
1 0.7487780253092448 0.4574620837257022 0.1461053466796875 0.1754730769566127
0 0.35679581960042317 0.6477546691894531 0.08467969258626303 0.31348709833054317
0 0.8646529897054036 0.6441683088030133 0.06578598022460938 0.34597433181036086
1 0.670391337076823 0.4174665609995524 0.06624003092447917 0.10003173918951125
0 0.9294323221842448 0.6494019145057315 0.062003682454427084 0.3206083661033994
0 0.3428301620483398 0.6331584794180733 0.07540377298990886 0.32884847550165086
0 0.3325003433227539 0.6272595269339425 0.05658302307128906 0.31529481070382254
1 0.6393297831217448 0.392898162206014 0.03968414306640625 0.08894663765316918
0 0.5613988749186198 0.6977001144772484 0.1267181396484375 0.40105206625802176
0 0.10670197486877442 0.6762915565854027 0.09707242965698243 0.4088800521123977
1 0.32206452687581383 0.35234049388340544 0.07011487325032552 0.10095092228480748
1 0.6296424102783204 0.37892953554789227 0.06310602823893229 0.08510846183413551
0 0.8115217590332031 0.6413466135660807 0.06499043782552083 0.32839021228608634
3 0.4762504196166992 0.2895292668115525 0.12743700663248697 0.13970863251459031
1 0.7487780253092448 0.4574620837257022 0.1461053466796875 0.1754730769566127
0 0.35679581960042317 0.6477546691894531 0.08467969258626303 0.31348709833054317
0 0.8646529897054036 0.6441683088030133 0.06578598022460938 0.34597433181036086
1 0.670391337076823 0.4174665609995524 0.06624003092447917 0.10003173918951125
0 0.9294323221842448 0.6494019145057315 0.062003682454427084 0.3206083661033994
0 0.3428301620483398 0.6331584794180733 0.07540377298990886 0.32884847550165086
0 0.3325003433227539 0.6272595269339425 0.05658302307128906 0.31529481070382254
1 0.6393297831217448 0.392898162206014 0.03968414306640625 0.08894663765316918
0 0.5613988749186198 0.6977001144772484 0.1267181396484375 0.40105206625802176
0 0.10670197486877442 0.6762915565854027 0.09707242965698243 0.4088800521123977
1 0.32206452687581383 0.35234049388340544 0.07011487325032552 0.10095092228480748
1 0.6296424102783204 0.37892953554789227 0.06310602823893229 0.08510846183413551
0 0.8115217590332031 0.6413466135660807 0.06499043782552083 0.32839021228608634
3 0.4762504196166992 0.2895292668115525 0.12743700663248697 0.13970863251459031
1 0.7487780253092448 0.4574620837257022 0.1461053466796875 0.1754730769566127
0 0.35679581960042317 0.6477546691894531 0.08467969258626303 0.31348709833054317
0 0.8646529897054036 0.6441683088030133 0.06578598022460938 0.34597433181036086
1 0.670391337076823 0.4174665609995524 0.06624003092447917 0.10003173918951125
0 0.9294323221842448 0.6494019145057315 0.062003682454427084 0.3206083661033994
0 0.3428301620483398 0.6331584794180733 0.07540377298990886 0.32884847550165086
0 0.3325003433227539 0.6272595269339425 0.05658302307128906 0.31529481070382254
1 0.6393297831217448 0.392898162206014 0.03968414306640625 0.08894663765316918
