4 0.5181155824661254 0.3037047953832717 0.9444217077891032 0.24628950300670804
2 0.5181155824661254 0.3037047953832717 0.9444217077891032 0.24628950300670804
2 0.5181155824661254 0.3037047953832717 0.9444217077891032 0.24628950300670804
2 0.5181155824661254 0.3037047953832717 0.9444217077891032 0.24628950300670804
2 0.5181155824661254 0.3037047953832717 0.9444217077891032 0.24628950300670804
2 0.5181155824661254 0.3037047953832717 0.9444217077891032 0.24628950300670804
2 0.5181155824661254 0.3037047953832717 0.9444217077891032 0.24628950300670804
2 0.5181155824661254 0.3037047953832717 0.9444217077891032 0.24628950300670804
2 0.5181155824661254 0.3037047953832717 0.9444217077891032 0.24628950300670804
2 0.5181155824661254 0.3037047953832717 0.9444217077891032 0.24628950300670804
