0 0.5781623383271529 0.5637019132745678 0.5301749936995968 0.8637956668590677
0 0.5742440816993537 0.7692568548794451 0.6122725877893685 0.4412151205128637
0 0.5781623383271529 0.5637019132745678 0.5301749936995968 0.8637956668590677
0 0.5742440816993537 0.7692568548794451 0.6122725877893685 0.4412151205128637
0 0.5781623383271529 0.5637019132745678 0.5301749936995968 0.8637956668590677
0 0.5742440816993537 0.7692568548794451 0.6122725877893685 0.4412151205128637
0 0.5781623383271529 0.5637019132745678 0.5301749936995968 0.8637956668590677
0 0.5742440816993537 0.7692568548794451 0.6122725877893685 0.4412151205128637
0 0.5781623383271529 0.5637019132745678 0.5301749936995968 0.8637956668590677
0 0.5742440816993537 0.7692568548794451 0.6122725877893685 0.4412151205128637
0 0.5781623383271529 0.5637019132745678 0.5301749936995968 0.8637956668590677
0 0.5742440816993537 0.7692568548794451 0.6122725877893685 0.4412151205128637
0 0.5781623383271529 0.5637019132745678 0.5301749936995968 0.8637956668590677
0 0.5742440816993537 0.7692568548794451 0.6122725877893685 0.4412151205128637
0 0.5781623383271529 0.5637019132745678 0.5301749936995968 0.8637956668590677
0 0.5742440816993537 0.7692568548794451 0.6122725877893685 0.4412151205128637
0 0.5781623383271529 0.5637019132745678 0.5301749936995968 0.8637956668590677
0 0.5742440816993537 0.7692568548794451 0.6122725877893685 0.4412151205128637
0 0.5781623383271529 0.5637019132745678 0.5301749936995968 0.8637956668590677
0 0.5742440816993537 0.7692568548794451 0.6122725877893685 0.4412151205128637
