0 0.5571533851181678 0.4769442876180013 0.5908761042885798 0.6418064117431641
0 0.5571533851181678 0.4769442876180013 0.5908761042885798 0.6418064117431641
0 0.5571533851181678 0.4769442876180013 0.5908761042885798 0.6418064117431641
0 0.5571533851181678 0.4769442876180013 0.5908761042885798 0.6418064117431641
0 0.5571533851181678 0.4769442876180013 0.5908761042885798 0.6418064117431641
0 0.5571533851181678 0.4769442876180013 0.5908761042885798 0.6418064117431641
0 0.5571533851181678 0.4769442876180013 0.5908761042885798 0.6418064117431641
0 0.5571533851181678 0.4769442876180013 0.5908761042885798 0.6418064117431641
0 0.5571533851181678 0.4769442876180013 0.5908761042885798 0.6418064117431641
0 0.5571533851181678 0.4769442876180013 0.5908761042885798 0.6418064117431641
