0 0.22991155933689428 0.6565749718754302 0.3967331980799769 0.6840241554024986
0 0.7666665498200838 0.7079974271127306 0.09392836287214949 0.26573382810348983
0 0.49898556546048 0.7251333497169259 0.06986470265431446 0.19929981651810297
0 0.5701751365317954 0.7233855797855865 0.08463603526622325 0.21292934333700442
0 0.8897591324539872 0.7104730480042848 0.12170348296294341 0.27305441700939564
0 0.665277979395411 0.7109041592098018 0.07939601588893581 0.23869626217476597
0 0.6500881641834706 0.7101534200659932 0.08701668129310952 0.23862615240828056
0 0.4254494228878537 0.7330051707801315 0.060313147467535896 0.18884606718491878
0 0.7014566026292406 0.7079978304287411 0.05111110103022945 0.2228819053078538
0 0.22991155933689428 0.6565749718754302 0.3967331980799769 0.6840241554024986
0 0.7666665498200838 0.7079974271127306 0.09392836287214949 0.26573382810348983
0 0.49898556546048 0.7251333497169259 0.06986470265431446 0.19929981651810297
0 0.5701751365317954 0.7233855797855865 0.08463603526622325 0.21292934333700442
0 0.8897591324539872 0.7104730480042848 0.12170348296294341 0.27305441700939564
0 0.665277979395411 0.7109041592098018 0.07939601588893581 0.23869626217476597
0 0.6500881641834706 0.7101534200659932 0.08701668129310952 0.23862615240828056
0 0.4254494228878537 0.7330051707801315 0.060313147467535896 0.18884606718491878
0 0.7014566026292406 0.7079978304287411 0.05111110103022945 0.2228819053078538
0 0.22991155933689428 0.6565749718754302 0.3967331980799769 0.6840241554024986
0 0.7666665498200838 0.7079974271127306 0.09392836287214949 0.26573382810348983
0 0.49898556546048 0.7251333497169259 0.06986470265431446 0.19929981651810297
0 0.5701751365317954 0.7233855797855865 0.08463603526622325 0.21292934333700442
0 0.8897591324539872 0.7104730480042848 0.12170348296294341 0.27305441700939564
0 0.665277979395411 0.7109041592098018 0.07939601588893581 0.23869626217476597
0 0.6500881641834706 0.7101534200659932 0.08701668129310952 0.23862615240828056
0 0.4254494228878537 0.7330051707801315 0.060313147467535896 0.18884606718491878
0 0.7014566026292406 0.7079978304287411 0.05111110103022945 0.2228819053078538
0 0.22991155933689428 0.6565749718754302 0.3967331980799769 0.6840241554024986
0 0.7666665498200838 0.7079974271127306 0.09392836287214949 0.26573382810348983
0 0.49898556546048 0.7251333497169259 0.06986470265431446 0.19929981651810297
0 0.5701751365317954 0.7233855797855865 0.08463603526622325 0.21292934333700442
0 0.8897591324539872 0.7104730480042848 0.12170348296294341 0.27305441700939564
0 0.665277979395411 0.7109041592098018 0.07939601588893581 0.23869626217476597
0 0.6500881641834706 0.7101534200659932 0.08701668129310952 0.23862615240828056
0 0.4254494228878537 0.7330051707801315 0.060313147467535896 0.18884606718491878
0 0.7014566026292406 0.7079978304287411 0.05111110103022945 0.2228819053078538
0 0.22991155933689428 0.6565749718754302 0.3967331980799769 0.6840241554024986
0 0.7666665498200838 0.7079974271127306 0.09392836287214949 0.26573382810348983
0 0.49898556546048 0.7251333497169259 0.06986470265431446 0.19929981651810297
0 0.5701751365317954 0.7233855797855865 0.08463603526622325 0.21292934333700442
0 0.8897591324539872 0.7104730480042848 0.12170348296294341 0.27305441700939564
0 0.665277979395411 0.7109041592098018 0.07939601588893581 0.23869626217476597
0 0.6500881641834706 0.7101534200659932 0.08701668129310952 0.23862615240828056
0 0.4254494228878537 0.7330051707801315 0.060313147467535896 0.18884606718491878
0 0.7014566026292406 0.7079978304287411 0.05111110103022945 0.2228819053078538
0 0.22991155933689428 0.6565749718754302 0.3967331980799769 0.6840241554024986
0 0.7666665498200838 0.7079974271127306 0.09392836287214949 0.26573382810348983
0 0.49898556546048 0.7251333497169259 0.06986470265431446 0.19929981651810297
0 0.5701751365317954 0.7233855797855865 0.08463603526622325 0.21292934333700442
0 0.8897591324539872 0.7104730480042848 0.12170348296294341 0.27305441700939564
0 0.665277979395411 0.7109041592098018 0.07939601588893581 0.23869626217476597
0 0.6500881641834706 0.7101534200659932 0.08701668129310952 0.23862615240828056
0 0.4254494228878537 0.7330051707801315 0.060313147467535896 0.18884606718491878
0 0.7014566026292406 0.7079978304287411 0.05111110103022945 0.2228819053078538
0 0.22991155933689428 0.6565749718754302 0.3967331980799769 0.6840241554024986
0 0.7666665498200838 0.7079974271127306 0.09392836287214949 0.26573382810348983
0 0.49898556546048 0.7251333497169259 0.06986470265431446 0.19929981651810297
0 0.5701751365317954 0.7233855797855865 0.08463603526622325 0.21292934333700442
0 0.8897591324539872 0.7104730480042848 0.12170348296294341 0.27305441700939564
0 0.665277979395411 0.7109041592098018 0.07939601588893581 0.23869626217476597
0 0.6500881641834706 0.7101534200659932 0.08701668129310952 0.23862615240828056
0 0.4254494228878537 0.7330051707801315 0.060313147467535896 0.18884606718491878
0 0.7014566026292406 0.7079978304287411 0.05111110103022945 0.2228819053078538
0 0.22991155933689428 0.6565749718754302 0.3967331980799769 0.6840241554024986
0 0.7666665498200838 0.7079974271127306 0.09392836287214949 0.26573382810348983
0 0.49898556546048 0.7251333497169259 0.06986470265431446 0.19929981651810297
0 0.5701751365317954 0.7233855797855865 0.08463603526622325 0.21292934333700442
0 0.8897591324539872 0.7104730480042848 0.12170348296294341 0.27305441700939564
0 0.665277979395411 0.7109041592098018 0.07939601588893581 0.23869626217476597
0 0.6500881641834706 0.7101534200659932 0.08701668129310952 0.23862615240828056
0 0.4254494228878537 0.7330051707801315 0.060313147467535896 0.18884606718491878
0 0.7014566026292406 0.7079978304287411 0.05111110103022945 0.2228819053078538
0 0.22991155933689428 0.6565749718754302 0.3967331980799769 0.6840241554024986
0 0.7666665498200838 0.7079974271127306 0.09392836287214949 0.26573382810348983
0 0.49898556546048 0.7251333497169259 0.06986470265431446 0.19929981651810297
0 0.5701751365317954 0.7233855797855865 0.08463603526622325 0.21292934333700442
0 0.8897591324539872 0.7104730480042848 0.12170348296294341 0.27305441700939564
0 0.665277979395411 0.7109041592098018 0.07939601588893581 0.23869626217476597
0 0.6500881641834706 0.7101534200659932 0.08701668129310952 0.23862615240828056
0 0.4254494228878537 0.7330051707801315 0.060313147467535896 0.18884606718491878
0 0.7014566026292406 0.7079978304287411 0.05111110103022945 0.2228819053078538
0 0.22991155933689428 0.6565749718754302 0.3967331980799769 0.6840241554024986
0 0.7666665498200838 0.7079974271127306 0.09392836287214949 0.26573382810348983
0 0.49898556546048 0.7251333497169259 0.06986470265431446 0.19929981651810297
0 0.5701751365317954 0.7233855797855865 0.08463603526622325 0.21292934333700442
0 0.8897591324539872 0.7104730480042848 0.12170348296294341 0.27305441700939564
0 0.665277979395411 0.7109041592098018 0.07939601588893581 0.23869626217476597
0 0.6500881641834706 0.7101534200659932 0.08701668129310952 0.23862615240828056
0 0.4254494228878537 0.7330051707801315 0.060313147467535896 0.18884606718491878
0 0.7014566026292406 0.7079978304287411 0.05111110103022945 0.2228819053078538
