0 0.39948298187873627 0.670935125911937 0.385089997820526 0.6381965338015089
0 0.6966829338537054 0.498149504848555 0.39340744327437055 0.9448871846292534
0 0.15337536306033733 0.691039291082644 0.1751053381545341 0.4708365646063113
0 0.39948298187873627 0.670935125911937 0.385089997820526 0.6381965338015089
0 0.6966829338537054 0.498149504848555 0.39340744327437055 0.9448871846292534
0 0.15337536306033733 0.691039291082644 0.1751053381545341 0.4708365646063113
0 0.39948298187873627 0.670935125911937 0.385089997820526 0.6381965338015089
0 0.6966829338537054 0.498149504848555 0.39340744327437055 0.9448871846292534
0 0.15337536306033733 0.691039291082644 0.1751053381545341 0.4708365646063113
0 0.39948298187873627 0.670935125911937 0.385089997820526 0.6381965338015089
0 0.6966829338537054 0.498149504848555 0.39340744327437055 0.9448871846292534
0 0.15337536306033733 0.691039291082644 0.1751053381545341 0.4708365646063113
0 0.39948298187873627 0.670935125911937 0.385089997820526 0.6381965338015089
0 0.6966829338537054 0.498149504848555 0.39340744327437055 0.9448871846292534
0 0.15337536306033733 0.691039291082644 0.1751053381545341 0.4708365646063113
0 0.39948298187873627 0.670935125911937 0.385089997820526 0.6381965338015089
0 0.6966829338537054 0.498149504848555 0.39340744327437055 0.9448871846292534
0 0.15337536306033733 0.691039291082644 0.1751053381545341 0.4708365646063113
0 0.39948298187873627 0.670935125911937 0.385089997820526 0.6381965338015089
0 0.6966829338537054 0.498149504848555 0.39340744327437055 0.9448871846292534
0 0.15337536306033733 0.691039291082644 0.1751053381545341 0.4708365646063113
0 0.39948298187873627 0.670935125911937 0.385089997820526 0.6381965338015089
0 0.6966829338537054 0.498149504848555 0.39340744327437055 0.9448871846292534
0 0.15337536306033733 0.691039291082644 0.1751053381545341 0.4708365646063113
0 0.39948298187873627 0.670935125911937 0.385089997820526 0.6381965338015089
0 0.6966829338537054 0.498149504848555 0.39340744327437055 0.9448871846292534
0 0.15337536306033733 0.691039291082644 0.1751053381545341 0.4708365646063113
0 0.39948298187873627 0.670935125911937 0.385089997820526 0.6381965338015089
0 0.6966829338537054 0.498149504848555 0.39340744327437055 0.9448871846292534
0 0.15337536306033733 0.691039291082644 0.1751053381545341 0.4708365646063113
