0 0.4991667058208201 0.5026592502593994 0.9940947542096129 0.9916471977233887
0 0.4991667058208201 0.5026592502593994 0.9940947542096129 0.9916471977233887
0 0.4991667058208201 0.5026592502593994 0.9940947542096129 0.9916471977233887
0 0.4991667058208201 0.5026592502593994 0.9940947542096129 0.9916471977233887
0 0.4991667058208201 0.5026592502593994 0.9940947542096129 0.9916471977233887
0 0.4991667058208201 0.5026592502593994 0.9940947542096129 0.9916471977233887
0 0.4991667058208201 0.5026592502593994 0.9940947542096129 0.9916471977233887
0 0.4991667058208201 0.5026592502593994 0.9940947542096129 0.9916471977233887
0 0.4991667058208201 0.5026592502593994 0.9940947542096129 0.9916471977233887
0 0.4991667058208201 0.5026592502593994 0.9940947542096129 0.9916471977233887
