0 0.4130534031352059 0.5315176023953203 0.6783414225760704 0.9369647952093594
0 0.4130534031352059 0.5315176023953203 0.6783414225760704 0.9369647952093594
0 0.4130534031352059 0.5315176023953203 0.6783414225760704 0.9369647952093594
0 0.4130534031352059 0.5315176023953203 0.6783414225760704 0.9369647952093594
0 0.4130534031352059 0.5315176023953203 0.6783414225760704 0.9369647952093594
0 0.4130534031352059 0.5315176023953203 0.6783414225760704 0.9369647952093594
0 0.4130534031352059 0.5315176023953203 0.6783414225760704 0.9369647952093594
0 0.4130534031352059 0.5315176023953203 0.6783414225760704 0.9369647952093594
0 0.4130534031352059 0.5315176023953203 0.6783414225760704 0.9369647952093594
0 0.4130534031352059 0.5315176023953203 0.6783414225760704 0.9369647952093594
