0 0.6870484006577644 0.5599913414710206 0.6095541802005492 0.8466781136768112
0 0.6870484006577644 0.5599913414710206 0.6095541802005492 0.8466781136768112
0 0.6870484006577644 0.5599913414710206 0.6095541802005492 0.8466781136768112
0 0.6870484006577644 0.5599913414710206 0.6095541802005492 0.8466781136768112
0 0.6870484006577644 0.5599913414710206 0.6095541802005492 0.8466781136768112
0 0.6870484006577644 0.5599913414710206 0.6095541802005492 0.8466781136768112
0 0.6870484006577644 0.5599913414710206 0.6095541802005492 0.8466781136768112
0 0.6870484006577644 0.5599913414710206 0.6095541802005492 0.8466781136768112
0 0.6870484006577644 0.5599913414710206 0.6095541802005492 0.8466781136768112
0 0.6870484006577644 0.5599913414710206 0.6095541802005492 0.8466781136768112
