0 0.48586958071439884 0.5129951501503969 0.52745736611856 0.9541006577320588
0 0.48586958071439884 0.5129951501503969 0.52745736611856 0.9541006577320588
0 0.48586958071439884 0.5129951501503969 0.52745736611856 0.9541006577320588
0 0.48586958071439884 0.5129951501503969 0.52745736611856 0.9541006577320588
0 0.48586958071439884 0.5129951501503969 0.52745736611856 0.9541006577320588
0 0.48586958071439884 0.5129951501503969 0.52745736611856 0.9541006577320588
0 0.48586958071439884 0.5129951501503969 0.52745736611856 0.9541006577320588
0 0.48586958071439884 0.5129951501503969 0.52745736611856 0.9541006577320588
0 0.48586958071439884 0.5129951501503969 0.52745736611856 0.9541006577320588
0 0.48586958071439884 0.5129951501503969 0.52745736611856 0.9541006577320588
