0 0.4796129862467448 0.5433776959505948 0.6727660549142973 0.9085451230135831
0 0.4796129862467448 0.5433776959505948 0.6727660549142973 0.9085451230135831
0 0.4796129862467448 0.5433776959505948 0.6727660549142973 0.9085451230135831
0 0.4796129862467448 0.5433776959505948 0.6727660549142973 0.9085451230135831
0 0.4796129862467448 0.5433776959505948 0.6727660549142973 0.9085451230135831
0 0.4796129862467448 0.5433776959505948 0.6727660549142973 0.9085451230135831
0 0.4796129862467448 0.5433776959505948 0.6727660549142973 0.9085451230135831
0 0.4796129862467448 0.5433776959505948 0.6727660549142973 0.9085451230135831
0 0.4796129862467448 0.5433776959505948 0.6727660549142973 0.9085451230135831
0 0.4796129862467448 0.5433776959505948 0.6727660549142973 0.9085451230135831
