0 0.504390129676232 0.5036755913779849 0.24757913442758414 0.9626504012516567
0 0.504390129676232 0.5036755913779849 0.24757913442758414 0.9626504012516567
0 0.504390129676232 0.5036755913779849 0.24757913442758414 0.9626504012516567
0 0.504390129676232 0.5036755913779849 0.24757913442758414 0.9626504012516567
0 0.504390129676232 0.5036755913779849 0.24757913442758414 0.9626504012516567
0 0.504390129676232 0.5036755913779849 0.24757913442758414 0.9626504012516567
0 0.504390129676232 0.5036755913779849 0.24757913442758414 0.9626504012516567
0 0.504390129676232 0.5036755913779849 0.24757913442758414 0.9626504012516567
0 0.504390129676232 0.5036755913779849 0.24757913442758414 0.9626504012516567
0 0.504390129676232 0.5036755913779849 0.24757913442758414 0.9626504012516567
