0 0.5490652743252841 0.5055741299696959 0.5378535600142046 0.954984399138904
0 0.5490652743252841 0.5055741299696959 0.5378535600142046 0.954984399138904
0 0.5490652743252841 0.5055741299696959 0.5378535600142046 0.954984399138904
0 0.5490652743252841 0.5055741299696959 0.5378535600142046 0.954984399138904
0 0.5490652743252841 0.5055741299696959 0.5378535600142046 0.954984399138904
0 0.5490652743252841 0.5055741299696959 0.5378535600142046 0.954984399138904
0 0.5490652743252841 0.5055741299696959 0.5378535600142046 0.954984399138904
0 0.5490652743252841 0.5055741299696959 0.5378535600142046 0.954984399138904
0 0.5490652743252841 0.5055741299696959 0.5378535600142046 0.954984399138904
0 0.5490652743252841 0.5055741299696959 0.5378535600142046 0.954984399138904
