0 0.4622768055308949 0.4641206512034265 0.3680565851384943 0.8422528355499435
0 0.4622768055308949 0.4641206512034265 0.3680565851384943 0.8422528355499435
0 0.4622768055308949 0.4641206512034265 0.3680565851384943 0.8422528355499435
0 0.4622768055308949 0.4641206512034265 0.3680565851384943 0.8422528355499435
0 0.4622768055308949 0.4641206512034265 0.3680565851384943 0.8422528355499435
0 0.4622768055308949 0.4641206512034265 0.3680565851384943 0.8422528355499435
0 0.4622768055308949 0.4641206512034265 0.3680565851384943 0.8422528355499435
0 0.4622768055308949 0.4641206512034265 0.3680565851384943 0.8422528355499435
0 0.4622768055308949 0.4641206512034265 0.3680565851384943 0.8422528355499435
0 0.4622768055308949 0.4641206512034265 0.3680565851384943 0.8422528355499435
