0 0.7423270490257238 0.4981880361835162 0.3751663156975073 0.9844409049976439
0 0.21847151115187832 0.5413741157168434 0.28314719949677636 0.8952406020391555
0 0.4767106352841176 0.48544872498938013 0.37358652070214515 0.9626430759117717
0 0.7423270490257238 0.4981880361835162 0.3751663156975073 0.9844409049976439
0 0.21847151115187832 0.5413741157168434 0.28314719949677636 0.8952406020391555
0 0.4767106352841176 0.48544872498938013 0.37358652070214515 0.9626430759117717
0 0.7423270490257238 0.4981880361835162 0.3751663156975073 0.9844409049976439
0 0.21847151115187832 0.5413741157168434 0.28314719949677636 0.8952406020391555
0 0.4767106352841176 0.48544872498938013 0.37358652070214515 0.9626430759117717
0 0.7423270490257238 0.4981880361835162 0.3751663156975073 0.9844409049976439
0 0.21847151115187832 0.5413741157168434 0.28314719949677636 0.8952406020391555
0 0.4767106352841176 0.48544872498938013 0.37358652070214515 0.9626430759117717
0 0.7423270490257238 0.4981880361835162 0.3751663156975073 0.9844409049976439
0 0.21847151115187832 0.5413741157168434 0.28314719949677636 0.8952406020391555
0 0.4767106352841176 0.48544872498938013 0.37358652070214515 0.9626430759117717
0 0.7423270490257238 0.4981880361835162 0.3751663156975073 0.9844409049976439
0 0.21847151115187832 0.5413741157168434 0.28314719949677636 0.8952406020391555
0 0.4767106352841176 0.48544872498938013 0.37358652070214515 0.9626430759117717
0 0.7423270490257238 0.4981880361835162 0.3751663156975073 0.9844409049976439
0 0.21847151115187832 0.5413741157168434 0.28314719949677636 0.8952406020391555
0 0.4767106352841176 0.48544872498938013 0.37358652070214515 0.9626430759117717
0 0.7423270490257238 0.4981880361835162 0.3751663156975073 0.9844409049976439
0 0.21847151115187832 0.5413741157168434 0.28314719949677636 0.8952406020391555
0 0.4767106352841176 0.48544872498938013 0.37358652070214515 0.9626430759117717
0 0.7423270490257238 0.4981880361835162 0.3751663156975073 0.9844409049976439
0 0.21847151115187832 0.5413741157168434 0.28314719949677636 0.8952406020391555
0 0.4767106352841176 0.48544872498938013 0.37358652070214515 0.9626430759117717
0 0.7423270490257238 0.4981880361835162 0.3751663156975073 0.9844409049976439
0 0.21847151115187832 0.5413741157168434 0.28314719949677636 0.8952406020391555
0 0.4767106352841176 0.48544872498938013 0.37358652070214515 0.9626430759117717
