0 0.4196832272229274 0.5571292685778765 0.738567347026003 0.8818465885722936
0 0.4196832272229274 0.5571292685778765 0.738567347026003 0.8818465885722936
0 0.4196832272229274 0.5571292685778765 0.738567347026003 0.8818465885722936
0 0.4196832272229274 0.5571292685778765 0.738567347026003 0.8818465885722936
0 0.4196832272229274 0.5571292685778765 0.738567347026003 0.8818465885722936
0 0.4196832272229274 0.5571292685778765 0.738567347026003 0.8818465885722936
0 0.4196832272229274 0.5571292685778765 0.738567347026003 0.8818465885722936
0 0.4196832272229274 0.5571292685778765 0.738567347026003 0.8818465885722936
0 0.4196832272229274 0.5571292685778765 0.738567347026003 0.8818465885722936
0 0.4196832272229274 0.5571292685778765 0.738567347026003 0.8818465885722936
