0 0.41319719487970524 0.4877324026139056 0.4515274186567827 0.6000757061067175
0 0.6674683726917614 0.4285072889484343 0.2413504305752841 0.4396025235535669
0 0.739398886940696 0.18987748401412546 0.27170182661576703 0.3764553591201866
0 0.41319719487970524 0.4877324026139056 0.4515274186567827 0.6000757061067175
0 0.6674683726917614 0.4285072889484343 0.2413504305752841 0.4396025235535669
0 0.739398886940696 0.18987748401412546 0.27170182661576703 0.3764553591201866
0 0.41319719487970524 0.4877324026139056 0.4515274186567827 0.6000757061067175
0 0.6674683726917614 0.4285072889484343 0.2413504305752841 0.4396025235535669
0 0.739398886940696 0.18987748401412546 0.27170182661576703 0.3764553591201866
0 0.41319719487970524 0.4877324026139056 0.4515274186567827 0.6000757061067175
0 0.6674683726917614 0.4285072889484343 0.2413504305752841 0.4396025235535669
0 0.739398886940696 0.18987748401412546 0.27170182661576703 0.3764553591201866
0 0.41319719487970524 0.4877324026139056 0.4515274186567827 0.6000757061067175
0 0.6674683726917614 0.4285072889484343 0.2413504305752841 0.4396025235535669
0 0.739398886940696 0.18987748401412546 0.27170182661576703 0.3764553591201866
0 0.41319719487970524 0.4877324026139056 0.4515274186567827 0.6000757061067175
0 0.6674683726917614 0.4285072889484343 0.2413504305752841 0.4396025235535669
0 0.739398886940696 0.18987748401412546 0.27170182661576703 0.3764553591201866
0 0.41319719487970524 0.4877324026139056 0.4515274186567827 0.6000757061067175
0 0.6674683726917614 0.4285072889484343 0.2413504305752841 0.4396025235535669
0 0.739398886940696 0.18987748401412546 0.27170182661576703 0.3764553591201866
0 0.41319719487970524 0.4877324026139056 0.4515274186567827 0.6000757061067175
0 0.6674683726917614 0.4285072889484343 0.2413504305752841 0.4396025235535669
0 0.739398886940696 0.18987748401412546 0.27170182661576703 0.3764553591201866
0 0.41319719487970524 0.4877324026139056 0.4515274186567827 0.6000757061067175
0 0.6674683726917614 0.4285072889484343 0.2413504305752841 0.4396025235535669
0 0.739398886940696 0.18987748401412546 0.27170182661576703 0.3764553591201866
0 0.41319719487970524 0.4877324026139056 0.4515274186567827 0.6000757061067175
0 0.6674683726917614 0.4285072889484343 0.2413504305752841 0.4396025235535669
0 0.739398886940696 0.18987748401412546 0.27170182661576703 0.3764553591201866
