0 0.44168406017756057 0.5458067956371843 0.5325629347461766 0.8535182275504709
0 0.44168406017756057 0.5458067956371843 0.5325629347461766 0.8535182275504709
0 0.44168406017756057 0.5458067956371843 0.5325629347461766 0.8535182275504709
0 0.44168406017756057 0.5458067956371843 0.5325629347461766 0.8535182275504709
0 0.44168406017756057 0.5458067956371843 0.5325629347461766 0.8535182275504709
0 0.44168406017756057 0.5458067956371843 0.5325629347461766 0.8535182275504709
0 0.44168406017756057 0.5458067956371843 0.5325629347461766 0.8535182275504709
0 0.44168406017756057 0.5458067956371843 0.5325629347461766 0.8535182275504709
0 0.44168406017756057 0.5458067956371843 0.5325629347461766 0.8535182275504709
0 0.44168406017756057 0.5458067956371843 0.5325629347461766 0.8535182275504709
