0 0.5365221583428075 0.5200526077908824 0.465378832461229 0.9292924622615495
0 0.5365221583428075 0.5200526077908824 0.465378832461229 0.9292924622615495
0 0.5365221583428075 0.5200526077908824 0.465378832461229 0.9292924622615495
0 0.5365221583428075 0.5200526077908824 0.465378832461229 0.9292924622615495
0 0.5365221583428075 0.5200526077908824 0.465378832461229 0.9292924622615495
0 0.5365221583428075 0.5200526077908824 0.465378832461229 0.9292924622615495
0 0.5365221583428075 0.5200526077908824 0.465378832461229 0.9292924622615495
0 0.5365221583428075 0.5200526077908824 0.465378832461229 0.9292924622615495
0 0.5365221583428075 0.5200526077908824 0.465378832461229 0.9292924622615495
0 0.5365221583428075 0.5200526077908824 0.465378832461229 0.9292924622615495
