0 0.2382854586062224 0.5282247261922868 0.21918331367382105 0.6134727561408705
0 0.7734943334607111 0.48001565568434085 0.15755528989045517 0.5604626598253928
0 0.5843648495881454 0.49079342618014643 0.18494912852411685 0.6096512007583035
0 0.2382854586062224 0.5282247261922868 0.21918331367382105 0.6134727561408705
0 0.7734943334607111 0.48001565568434085 0.15755528989045517 0.5604626598253928
0 0.5843648495881454 0.49079342618014643 0.18494912852411685 0.6096512007583035
0 0.2382854586062224 0.5282247261922868 0.21918331367382105 0.6134727561408705
0 0.7734943334607111 0.48001565568434085 0.15755528989045517 0.5604626598253928
0 0.5843648495881454 0.49079342618014643 0.18494912852411685 0.6096512007583035
0 0.2382854586062224 0.5282247261922868 0.21918331367382105 0.6134727561408705
0 0.7734943334607111 0.48001565568434085 0.15755528989045517 0.5604626598253928
0 0.5843648495881454 0.49079342618014643 0.18494912852411685 0.6096512007583035
0 0.2382854586062224 0.5282247261922868 0.21918331367382105 0.6134727561408705
0 0.7734943334607111 0.48001565568434085 0.15755528989045517 0.5604626598253928
0 0.5843648495881454 0.49079342618014643 0.18494912852411685 0.6096512007583035
0 0.2382854586062224 0.5282247261922868 0.21918331367382105 0.6134727561408705
0 0.7734943334607111 0.48001565568434085 0.15755528989045517 0.5604626598253928
0 0.5843648495881454 0.49079342618014643 0.18494912852411685 0.6096512007583035
0 0.2382854586062224 0.5282247261922868 0.21918331367382105 0.6134727561408705
0 0.7734943334607111 0.48001565568434085 0.15755528989045517 0.5604626598253928
0 0.5843648495881454 0.49079342618014643 0.18494912852411685 0.6096512007583035
0 0.2382854586062224 0.5282247261922868 0.21918331367382105 0.6134727561408705
0 0.7734943334607111 0.48001565568434085 0.15755528989045517 0.5604626598253928
0 0.5843648495881454 0.49079342618014643 0.18494912852411685 0.6096512007583035
0 0.2382854586062224 0.5282247261922868 0.21918331367382105 0.6134727561408705
0 0.7734943334607111 0.48001565568434085 0.15755528989045517 0.5604626598253928
0 0.5843648495881454 0.49079342618014643 0.18494912852411685 0.6096512007583035
0 0.2382854586062224 0.5282247261922868 0.21918331367382105 0.6134727561408705
0 0.7734943334607111 0.48001565568434085 0.15755528989045517 0.5604626598253928
0 0.5843648495881454 0.49079342618014643 0.18494912852411685 0.6096512007583035
