0 0.8118478670987216 0.5234964714675653 0.13247303355823864 0.5362154851194287
0 0.4795704373446378 0.5271218200850356 0.5407275113192471 0.9130483533515305
0 0.8118478670987216 0.5234964714675653 0.13247303355823864 0.5362154851194287
0 0.4795704373446378 0.5271218200850356 0.5407275113192471 0.9130483533515305
0 0.8118478670987216 0.5234964714675653 0.13247303355823864 0.5362154851194287
0 0.4795704373446378 0.5271218200850356 0.5407275113192471 0.9130483533515305
0 0.8118478670987216 0.5234964714675653 0.13247303355823864 0.5362154851194287
0 0.4795704373446378 0.5271218200850356 0.5407275113192471 0.9130483533515305
0 0.8118478670987216 0.5234964714675653 0.13247303355823864 0.5362154851194287
0 0.4795704373446378 0.5271218200850356 0.5407275113192471 0.9130483533515305
0 0.8118478670987216 0.5234964714675653 0.13247303355823864 0.5362154851194287
0 0.4795704373446378 0.5271218200850356 0.5407275113192471 0.9130483533515305
0 0.8118478670987216 0.5234964714675653 0.13247303355823864 0.5362154851194287
0 0.4795704373446378 0.5271218200850356 0.5407275113192471 0.9130483533515305
0 0.8118478670987216 0.5234964714675653 0.13247303355823864 0.5362154851194287
0 0.4795704373446378 0.5271218200850356 0.5407275113192471 0.9130483533515305
0 0.8118478670987216 0.5234964714675653 0.13247303355823864 0.5362154851194287
0 0.4795704373446378 0.5271218200850356 0.5407275113192471 0.9130483533515305
0 0.8118478670987216 0.5234964714675653 0.13247303355823864 0.5362154851194287
0 0.4795704373446378 0.5271218200850356 0.5407275113192471 0.9130483533515305
