0 0.5848454747881208 0.5352126783794827 0.5587824957711356 0.9295746432410346
0 0.5848454747881208 0.5352126783794827 0.5587824957711356 0.9295746432410346
0 0.5848454747881208 0.5352126783794827 0.5587824957711356 0.9295746432410346
0 0.5848454747881208 0.5352126783794827 0.5587824957711356 0.9295746432410346
0 0.5848454747881208 0.5352126783794827 0.5587824957711356 0.9295746432410346
0 0.5848454747881208 0.5352126783794827 0.5587824957711356 0.9295746432410346
0 0.5848454747881208 0.5352126783794827 0.5587824957711356 0.9295746432410346
0 0.5848454747881208 0.5352126783794827 0.5587824957711356 0.9295746432410346
0 0.5848454747881208 0.5352126783794827 0.5587824957711356 0.9295746432410346
0 0.5848454747881208 0.5352126783794827 0.5587824957711356 0.9295746432410346
