0 0.19874051527543501 0.5390123878020406 0.20826770435680042 0.8386745765560963
0 0.4761073303222656 0.5452467808957959 0.2597063931551847 0.8640719346009968
0 0.809018388227983 0.5707798421057195 0.17037275834517046 0.7070362737270001
0 0.19874051527543501 0.5390123878020406 0.20826770435680042 0.8386745765560963
0 0.4761073303222656 0.5452467808957959 0.2597063931551847 0.8640719346009968
0 0.809018388227983 0.5707798421057195 0.17037275834517046 0.7070362737270001
0 0.19874051527543501 0.5390123878020406 0.20826770435680042 0.8386745765560963
0 0.4761073303222656 0.5452467808957959 0.2597063931551847 0.8640719346009968
0 0.809018388227983 0.5707798421057195 0.17037275834517046 0.7070362737270001
0 0.19874051527543501 0.5390123878020406 0.20826770435680042 0.8386745765560963
0 0.4761073303222656 0.5452467808957959 0.2597063931551847 0.8640719346009968
0 0.809018388227983 0.5707798421057195 0.17037275834517046 0.7070362737270001
0 0.19874051527543501 0.5390123878020406 0.20826770435680042 0.8386745765560963
0 0.4761073303222656 0.5452467808957959 0.2597063931551847 0.8640719346009968
0 0.809018388227983 0.5707798421057195 0.17037275834517046 0.7070362737270001
0 0.19874051527543501 0.5390123878020406 0.20826770435680042 0.8386745765560963
0 0.4761073303222656 0.5452467808957959 0.2597063931551847 0.8640719346009968
0 0.809018388227983 0.5707798421057195 0.17037275834517046 0.7070362737270001
0 0.19874051527543501 0.5390123878020406 0.20826770435680042 0.8386745765560963
0 0.4761073303222656 0.5452467808957959 0.2597063931551847 0.8640719346009968
0 0.809018388227983 0.5707798421057195 0.17037275834517046 0.7070362737270001
0 0.19874051527543501 0.5390123878020406 0.20826770435680042 0.8386745765560963
0 0.4761073303222656 0.5452467808957959 0.2597063931551847 0.8640719346009968
0 0.809018388227983 0.5707798421057195 0.17037275834517046 0.7070362737270001
0 0.19874051527543501 0.5390123878020406 0.20826770435680042 0.8386745765560963
0 0.4761073303222656 0.5452467808957959 0.2597063931551847 0.8640719346009968
0 0.809018388227983 0.5707798421057195 0.17037275834517046 0.7070362737270001
0 0.19874051527543501 0.5390123878020406 0.20826770435680042 0.8386745765560963
0 0.4761073303222656 0.5452467808957959 0.2597063931551847 0.8640719346009968
0 0.809018388227983 0.5707798421057195 0.17037275834517046 0.7070362737270001
