0 0.4202339727228338 0.5246928637144995 0.4911211880770597 0.8852938146539073
0 0.4202339727228338 0.5246928637144995 0.4911211880770597 0.8852938146539073
0 0.4202339727228338 0.5246928637144995 0.4911211880770597 0.8852938146539073
0 0.4202339727228338 0.5246928637144995 0.4911211880770597 0.8852938146539073
0 0.4202339727228338 0.5246928637144995 0.4911211880770597 0.8852938146539073
0 0.4202339727228338 0.5246928637144995 0.4911211880770597 0.8852938146539073
0 0.4202339727228338 0.5246928637144995 0.4911211880770597 0.8852938146539073
0 0.4202339727228338 0.5246928637144995 0.4911211880770597 0.8852938146539073
0 0.4202339727228338 0.5246928637144995 0.4911211880770597 0.8852938146539073
0 0.4202339727228338 0.5246928637144995 0.4911211880770597 0.8852938146539073
