0 0.32960897622649205 0.5415724130777212 0.39745067321148114 0.8585572096017691
0 0.7375983601992893 0.5050777178544265 0.446541579728274 0.938911195901724
0 0.32960897622649205 0.5415724130777212 0.39745067321148114 0.8585572096017691
0 0.7375983601992893 0.5050777178544265 0.446541579728274 0.938911195901724
0 0.32960897622649205 0.5415724130777212 0.39745067321148114 0.8585572096017691
0 0.7375983601992893 0.5050777178544265 0.446541579728274 0.938911195901724
0 0.32960897622649205 0.5415724130777212 0.39745067321148114 0.8585572096017691
0 0.7375983601992893 0.5050777178544265 0.446541579728274 0.938911195901724
0 0.32960897622649205 0.5415724130777212 0.39745067321148114 0.8585572096017691
0 0.7375983601992893 0.5050777178544265 0.446541579728274 0.938911195901724
0 0.32960897622649205 0.5415724130777212 0.39745067321148114 0.8585572096017691
0 0.7375983601992893 0.5050777178544265 0.446541579728274 0.938911195901724
0 0.32960897622649205 0.5415724130777212 0.39745067321148114 0.8585572096017691
0 0.7375983601992893 0.5050777178544265 0.446541579728274 0.938911195901724
0 0.32960897622649205 0.5415724130777212 0.39745067321148114 0.8585572096017691
0 0.7375983601992893 0.5050777178544265 0.446541579728274 0.938911195901724
0 0.32960897622649205 0.5415724130777212 0.39745067321148114 0.8585572096017691
0 0.7375983601992893 0.5050777178544265 0.446541579728274 0.938911195901724
0 0.32960897622649205 0.5415724130777212 0.39745067321148114 0.8585572096017691
0 0.7375983601992893 0.5050777178544265 0.446541579728274 0.938911195901724
