0 0.739705327351888 0.3257379191262381 0.12132166544596354 0.19042021887642996
0 0.739705327351888 0.3257379191262381 0.12132166544596354 0.19042021887642996
0 0.739705327351888 0.3257379191262381 0.12132166544596354 0.19042021887642996
0 0.739705327351888 0.3257379191262381 0.12132166544596354 0.19042021887642996
0 0.739705327351888 0.3257379191262381 0.12132166544596354 0.19042021887642996
0 0.739705327351888 0.3257379191262381 0.12132166544596354 0.19042021887642996
0 0.739705327351888 0.3257379191262381 0.12132166544596354 0.19042021887642996
0 0.739705327351888 0.3257379191262381 0.12132166544596354 0.19042021887642996
0 0.739705327351888 0.3257379191262381 0.12132166544596354 0.19042021887642996
0 0.739705327351888 0.3257379191262381 0.12132166544596354 0.19042021887642996
