0 0.49067832946777346 0.5114809111819241 0.6577551130814986 0.9466054817366469
0 0.3964504033868963 0.5047639966662464 0.4634861339222301 0.926694103928863
0 0.49067832946777346 0.5114809111819241 0.6577551130814986 0.9466054817366469
0 0.3964504033868963 0.5047639966662464 0.4634861339222301 0.926694103928863
0 0.49067832946777346 0.5114809111819241 0.6577551130814986 0.9466054817366469
0 0.3964504033868963 0.5047639966662464 0.4634861339222301 0.926694103928863
0 0.49067832946777346 0.5114809111819241 0.6577551130814986 0.9466054817366469
0 0.3964504033868963 0.5047639966662464 0.4634861339222301 0.926694103928863
0 0.49067832946777346 0.5114809111819241 0.6577551130814986 0.9466054817366469
0 0.3964504033868963 0.5047639966662464 0.4634861339222301 0.926694103928863
0 0.49067832946777346 0.5114809111819241 0.6577551130814986 0.9466054817366469
0 0.3964504033868963 0.5047639966662464 0.4634861339222301 0.926694103928863
0 0.49067832946777346 0.5114809111819241 0.6577551130814986 0.9466054817366469
0 0.3964504033868963 0.5047639966662464 0.4634861339222301 0.926694103928863
0 0.49067832946777346 0.5114809111819241 0.6577551130814986 0.9466054817366469
0 0.3964504033868963 0.5047639966662464 0.4634861339222301 0.926694103928863
0 0.49067832946777346 0.5114809111819241 0.6577551130814986 0.9466054817366469
0 0.3964504033868963 0.5047639966662464 0.4634861339222301 0.926694103928863
0 0.49067832946777346 0.5114809111819241 0.6577551130814986 0.9466054817366469
0 0.3964504033868963 0.5047639966662464 0.4634861339222301 0.926694103928863
