0 0.5356423956086737 0.48449472407090294 0.6766122059472279 0.9632483146239802
0 0.5356423956086737 0.48449472407090294 0.6766122059472279 0.9632483146239802
0 0.5356423956086737 0.48449472407090294 0.6766122059472279 0.9632483146239802
0 0.5356423956086737 0.48449472407090294 0.6766122059472279 0.9632483146239802
0 0.5356423956086737 0.48449472407090294 0.6766122059472279 0.9632483146239802
0 0.5356423956086737 0.48449472407090294 0.6766122059472279 0.9632483146239802
0 0.5356423956086737 0.48449472407090294 0.6766122059472279 0.9632483146239802
0 0.5356423956086737 0.48449472407090294 0.6766122059472279 0.9632483146239802
0 0.5356423956086737 0.48449472407090294 0.6766122059472279 0.9632483146239802
0 0.5356423956086737 0.48449472407090294 0.6766122059472279 0.9632483146239802
