0 0.43116066625209454 0.5520364865389737 0.7579135894775391 0.7447635858709162
0 0.43116066625209454 0.5520364865389737 0.7579135894775391 0.7447635858709162
0 0.43116066625209454 0.5520364865389737 0.7579135894775391 0.7447635858709162
0 0.43116066625209454 0.5520364865389737 0.7579135894775391 0.7447635858709162
0 0.43116066625209454 0.5520364865389737 0.7579135894775391 0.7447635858709162
0 0.43116066625209454 0.5520364865389737 0.7579135894775391 0.7447635858709162
0 0.43116066625209454 0.5520364865389737 0.7579135894775391 0.7447635858709162
0 0.43116066625209454 0.5520364865389737 0.7579135894775391 0.7447635858709162
0 0.43116066625209454 0.5520364865389737 0.7579135894775391 0.7447635858709162
0 0.43116066625209454 0.5520364865389737 0.7579135894775391 0.7447635858709162
