0 0.49795187208387587 0.5220906109280057 0.5325673929850261 0.9433198632134332
0 0.49795187208387587 0.5220906109280057 0.5325673929850261 0.9433198632134332
0 0.49795187208387587 0.5220906109280057 0.5325673929850261 0.9433198632134332
0 0.49795187208387587 0.5220906109280057 0.5325673929850261 0.9433198632134332
0 0.49795187208387587 0.5220906109280057 0.5325673929850261 0.9433198632134332
0 0.49795187208387587 0.5220906109280057 0.5325673929850261 0.9433198632134332
0 0.49795187208387587 0.5220906109280057 0.5325673929850261 0.9433198632134332
0 0.49795187208387587 0.5220906109280057 0.5325673929850261 0.9433198632134332
0 0.49795187208387587 0.5220906109280057 0.5325673929850261 0.9433198632134332
0 0.49795187208387587 0.5220906109280057 0.5325673929850261 0.9433198632134332
