0 0.43690548983487215 0.5316923276974204 0.20833002263849432 0.6280072530110677
0 0.3108925420587713 0.515716636115736 0.10297510320490057 0.4263892668843921
0 0.6272348854758523 0.5792591428496147 0.1913534268465909 0.5755905609964673
0 0.7556284679066051 0.5271286677793076 0.09344487970525568 0.4355276139056096
0 0.6583878673206676 0.4017272803301368 0.12351801091974432 0.41143755052910475
0 0.43690548983487215 0.5316923276974204 0.20833002263849432 0.6280072530110677
0 0.3108925420587713 0.515716636115736 0.10297510320490057 0.4263892668843921
0 0.6272348854758523 0.5792591428496147 0.1913534268465909 0.5755905609964673
0 0.7556284679066051 0.5271286677793076 0.09344487970525568 0.4355276139056096
0 0.6583878673206676 0.4017272803301368 0.12351801091974432 0.41143755052910475
0 0.43690548983487215 0.5316923276974204 0.20833002263849432 0.6280072530110677
0 0.3108925420587713 0.515716636115736 0.10297510320490057 0.4263892668843921
0 0.6272348854758523 0.5792591428496147 0.1913534268465909 0.5755905609964673
0 0.7556284679066051 0.5271286677793076 0.09344487970525568 0.4355276139056096
0 0.6583878673206676 0.4017272803301368 0.12351801091974432 0.41143755052910475
0 0.43690548983487215 0.5316923276974204 0.20833002263849432 0.6280072530110677
0 0.3108925420587713 0.515716636115736 0.10297510320490057 0.4263892668843921
0 0.6272348854758523 0.5792591428496147 0.1913534268465909 0.5755905609964673
0 0.7556284679066051 0.5271286677793076 0.09344487970525568 0.4355276139056096
0 0.6583878673206676 0.4017272803301368 0.12351801091974432 0.41143755052910475
0 0.43690548983487215 0.5316923276974204 0.20833002263849432 0.6280072530110677
0 0.3108925420587713 0.515716636115736 0.10297510320490057 0.4263892668843921
0 0.6272348854758523 0.5792591428496147 0.1913534268465909 0.5755905609964673
0 0.7556284679066051 0.5271286677793076 0.09344487970525568 0.4355276139056096
0 0.6583878673206676 0.4017272803301368 0.12351801091974432 0.41143755052910475
0 0.43690548983487215 0.5316923276974204 0.20833002263849432 0.6280072530110677
0 0.3108925420587713 0.515716636115736 0.10297510320490057 0.4263892668843921
0 0.6272348854758523 0.5792591428496147 0.1913534268465909 0.5755905609964673
0 0.7556284679066051 0.5271286677793076 0.09344487970525568 0.4355276139056096
0 0.6583878673206676 0.4017272803301368 0.12351801091974432 0.41143755052910475
0 0.43690548983487215 0.5316923276974204 0.20833002263849432 0.6280072530110677
0 0.3108925420587713 0.515716636115736 0.10297510320490057 0.4263892668843921
0 0.6272348854758523 0.5792591428496147 0.1913534268465909 0.5755905609964673
0 0.7556284679066051 0.5271286677793076 0.09344487970525568 0.4355276139056096
0 0.6583878673206676 0.4017272803301368 0.12351801091974432 0.41143755052910475
0 0.43690548983487215 0.5316923276974204 0.20833002263849432 0.6280072530110677
0 0.3108925420587713 0.515716636115736 0.10297510320490057 0.4263892668843921
0 0.6272348854758523 0.5792591428496147 0.1913534268465909 0.5755905609964673
0 0.7556284679066051 0.5271286677793076 0.09344487970525568 0.4355276139056096
0 0.6583878673206676 0.4017272803301368 0.12351801091974432 0.41143755052910475
0 0.43690548983487215 0.5316923276974204 0.20833002263849432 0.6280072530110677
0 0.3108925420587713 0.515716636115736 0.10297510320490057 0.4263892668843921
0 0.6272348854758523 0.5792591428496147 0.1913534268465909 0.5755905609964673
0 0.7556284679066051 0.5271286677793076 0.09344487970525568 0.4355276139056096
0 0.6583878673206676 0.4017272803301368 0.12351801091974432 0.41143755052910475
0 0.43690548983487215 0.5316923276974204 0.20833002263849432 0.6280072530110677
0 0.3108925420587713 0.515716636115736 0.10297510320490057 0.4263892668843921
0 0.6272348854758523 0.5792591428496147 0.1913534268465909 0.5755905609964673
0 0.7556284679066051 0.5271286677793076 0.09344487970525568 0.4355276139056096
0 0.6583878673206676 0.4017272803301368 0.12351801091974432 0.41143755052910475
