0 0.24473181181547174 0.5802814752729107 0.34996083820835827 0.7126080208299566
0 0.6932913127698397 0.528114374247824 0.5121194574821508 0.7722592967179801
0 0.43362167577424116 0.631120863791818 0.11770637183668511 0.3118124047750259
0 0.24473181181547174 0.5802814752729107 0.34996083820835827 0.7126080208299566
0 0.6932913127698397 0.528114374247824 0.5121194574821508 0.7722592967179801
0 0.43362167577424116 0.631120863791818 0.11770637183668511 0.3118124047750259
0 0.24473181181547174 0.5802814752729107 0.34996083820835827 0.7126080208299566
0 0.6932913127698397 0.528114374247824 0.5121194574821508 0.7722592967179801
0 0.43362167577424116 0.631120863791818 0.11770637183668511 0.3118124047750259
0 0.24473181181547174 0.5802814752729107 0.34996083820835827 0.7126080208299566
0 0.6932913127698397 0.528114374247824 0.5121194574821508 0.7722592967179801
0 0.43362167577424116 0.631120863791818 0.11770637183668511 0.3118124047750259
0 0.24473181181547174 0.5802814752729107 0.34996083820835827 0.7126080208299566
0 0.6932913127698397 0.528114374247824 0.5121194574821508 0.7722592967179801
0 0.43362167577424116 0.631120863791818 0.11770637183668511 0.3118124047750259
0 0.24473181181547174 0.5802814752729107 0.34996083820835827 0.7126080208299566
0 0.6932913127698397 0.528114374247824 0.5121194574821508 0.7722592967179801
0 0.43362167577424116 0.631120863791818 0.11770637183668511 0.3118124047750259
0 0.24473181181547174 0.5802814752729107 0.34996083820835827 0.7126080208299566
0 0.6932913127698397 0.528114374247824 0.5121194574821508 0.7722592967179801
0 0.43362167577424116 0.631120863791818 0.11770637183668511 0.3118124047750259
0 0.24473181181547174 0.5802814752729107 0.34996083820835827 0.7126080208299566
0 0.6932913127698397 0.528114374247824 0.5121194574821508 0.7722592967179801
0 0.43362167577424116 0.631120863791818 0.11770637183668511 0.3118124047750259
0 0.24473181181547174 0.5802814752729107 0.34996083820835827 0.7126080208299566
0 0.6932913127698397 0.528114374247824 0.5121194574821508 0.7722592967179801
0 0.43362167577424116 0.631120863791818 0.11770637183668511 0.3118124047750259
0 0.24473181181547174 0.5802814752729107 0.34996083820835827 0.7126080208299566
0 0.6932913127698397 0.528114374247824 0.5121194574821508 0.7722592967179801
0 0.43362167577424116 0.631120863791818 0.11770637183668511 0.3118124047750259
