0 0.42901914863176244 0.6141695264953276 0.21532060083095317 0.7716609470093447
0 0.9459662762166778 0.6917419644350505 0.10747940993223566 0.5943149545574715
0 0.06209740886551505 0.6674115302154372 0.1056296175953308 0.43765389458250603
0 0.590693620797981 0.7166354142499892 0.10987164897303428 0.5004197010019208
0 0.42901914863176244 0.6141695264953276 0.21532060083095317 0.7716609470093447
0 0.9459662762166778 0.6917419644350505 0.10747940993223566 0.5943149545574715
0 0.06209740886551505 0.6674115302154372 0.1056296175953308 0.43765389458250603
0 0.590693620797981 0.7166354142499892 0.10987164897303428 0.5004197010019208
0 0.42901914863176244 0.6141695264953276 0.21532060083095317 0.7716609470093447
0 0.9459662762166778 0.6917419644350505 0.10747940993223566 0.5943149545574715
0 0.06209740886551505 0.6674115302154372 0.1056296175953308 0.43765389458250603
0 0.590693620797981 0.7166354142499892 0.10987164897303428 0.5004197010019208
0 0.42901914863176244 0.6141695264953276 0.21532060083095317 0.7716609470093447
0 0.9459662762166778 0.6917419644350505 0.10747940993223566 0.5943149545574715
0 0.06209740886551505 0.6674115302154372 0.1056296175953308 0.43765389458250603
0 0.590693620797981 0.7166354142499892 0.10987164897303428 0.5004197010019208
0 0.42901914863176244 0.6141695264953276 0.21532060083095317 0.7716609470093447
0 0.9459662762166778 0.6917419644350505 0.10747940993223566 0.5943149545574715
0 0.06209740886551505 0.6674115302154372 0.1056296175953308 0.43765389458250603
0 0.590693620797981 0.7166354142499892 0.10987164897303428 0.5004197010019208
0 0.42901914863176244 0.6141695264953276 0.21532060083095317 0.7716609470093447
0 0.9459662762166778 0.6917419644350505 0.10747940993223566 0.5943149545574715
0 0.06209740886551505 0.6674115302154372 0.1056296175953308 0.43765389458250603
0 0.590693620797981 0.7166354142499892 0.10987164897303428 0.5004197010019208
0 0.42901914863176244 0.6141695264953276 0.21532060083095317 0.7716609470093447
0 0.9459662762166778 0.6917419644350505 0.10747940993223566 0.5943149545574715
0 0.06209740886551505 0.6674115302154372 0.1056296175953308 0.43765389458250603
0 0.590693620797981 0.7166354142499892 0.10987164897303428 0.5004197010019208
0 0.42901914863176244 0.6141695264953276 0.21532060083095317 0.7716609470093447
0 0.9459662762166778 0.6917419644350505 0.10747940993223566 0.5943149545574715
0 0.06209740886551505 0.6674115302154372 0.1056296175953308 0.43765389458250603
0 0.590693620797981 0.7166354142499892 0.10987164897303428 0.5004197010019208
0 0.42901914863176244 0.6141695264953276 0.21532060083095317 0.7716609470093447
0 0.9459662762166778 0.6917419644350505 0.10747940993223566 0.5943149545574715
0 0.06209740886551505 0.6674115302154372 0.1056296175953308 0.43765389458250603
0 0.590693620797981 0.7166354142499892 0.10987164897303428 0.5004197010019208
0 0.42901914863176244 0.6141695264953276 0.21532060083095317 0.7716609470093447
0 0.9459662762166778 0.6917419644350505 0.10747940993223566 0.5943149545574715
0 0.06209740886551505 0.6674115302154372 0.1056296175953308 0.43765389458250603
0 0.590693620797981 0.7166354142499892 0.10987164897303428 0.5004197010019208
