0 0.3704409291082462 0.5750249624252319 0.06381179171370009 0.2724446455637614
0 0.272332057300176 0.5854276021321615 0.11269484545341463 0.4489523569742839
0 0.5113089238736113 0.5964999596277872 0.08972814871784399 0.28968008359273273
0 0.6329283043458888 0.588746190071106 0.0707817512773289 0.24543134371439615
0 0.0990301066931663 0.5100587060054144 0.1704150297795865 0.7014241516590118
0 0.7153583715170508 0.5862364768981934 0.04903002836858365 0.150178591410319
0 0.5278250690648765 0.5952047308286031 0.05653665636882129 0.28044116497039795
0 0.3704409291082462 0.5750249624252319 0.06381179171370009 0.2724446455637614
0 0.272332057300176 0.5854276021321615 0.11269484545341463 0.4489523569742839
0 0.5113089238736113 0.5964999596277872 0.08972814871784399 0.28968008359273273
0 0.6329283043458888 0.588746190071106 0.0707817512773289 0.24543134371439615
0 0.0990301066931663 0.5100587060054144 0.1704150297795865 0.7014241516590118
0 0.7153583715170508 0.5862364768981934 0.04903002836858365 0.150178591410319
0 0.5278250690648765 0.5952047308286031 0.05653665636882129 0.28044116497039795
0 0.3704409291082462 0.5750249624252319 0.06381179171370009 0.2724446455637614
0 0.272332057300176 0.5854276021321615 0.11269484545341463 0.4489523569742839
0 0.5113089238736113 0.5964999596277872 0.08972814871784399 0.28968008359273273
0 0.6329283043458888 0.588746190071106 0.0707817512773289 0.24543134371439615
0 0.0990301066931663 0.5100587060054144 0.1704150297795865 0.7014241516590118
0 0.7153583715170508 0.5862364768981934 0.04903002836858365 0.150178591410319
0 0.5278250690648765 0.5952047308286031 0.05653665636882129 0.28044116497039795
0 0.3704409291082462 0.5750249624252319 0.06381179171370009 0.2724446455637614
0 0.272332057300176 0.5854276021321615 0.11269484545341463 0.4489523569742839
0 0.5113089238736113 0.5964999596277872 0.08972814871784399 0.28968008359273273
0 0.6329283043458888 0.588746190071106 0.0707817512773289 0.24543134371439615
0 0.0990301066931663 0.5100587060054144 0.1704150297795865 0.7014241516590118
0 0.7153583715170508 0.5862364768981934 0.04903002836858365 0.150178591410319
0 0.5278250690648765 0.5952047308286031 0.05653665636882129 0.28044116497039795
0 0.3704409291082462 0.5750249624252319 0.06381179171370009 0.2724446455637614
0 0.272332057300176 0.5854276021321615 0.11269484545341463 0.4489523569742839
0 0.5113089238736113 0.5964999596277872 0.08972814871784399 0.28968008359273273
0 0.6329283043458888 0.588746190071106 0.0707817512773289 0.24543134371439615
0 0.0990301066931663 0.5100587060054144 0.1704150297795865 0.7014241516590118
0 0.7153583715170508 0.5862364768981934 0.04903002836858365 0.150178591410319
0 0.5278250690648765 0.5952047308286031 0.05653665636882129 0.28044116497039795
0 0.3704409291082462 0.5750249624252319 0.06381179171370009 0.2724446455637614
0 0.272332057300176 0.5854276021321615 0.11269484545341463 0.4489523569742839
0 0.5113089238736113 0.5964999596277872 0.08972814871784399 0.28968008359273273
0 0.6329283043458888 0.588746190071106 0.0707817512773289 0.24543134371439615
0 0.0990301066931663 0.5100587060054144 0.1704150297795865 0.7014241516590118
0 0.7153583715170508 0.5862364768981934 0.04903002836858365 0.150178591410319
0 0.5278250690648765 0.5952047308286031 0.05653665636882129 0.28044116497039795
0 0.3704409291082462 0.5750249624252319 0.06381179171370009 0.2724446455637614
0 0.272332057300176 0.5854276021321615 0.11269484545341463 0.4489523569742839
0 0.5113089238736113 0.5964999596277872 0.08972814871784399 0.28968008359273273
0 0.6329283043458888 0.588746190071106 0.0707817512773289 0.24543134371439615
0 0.0990301066931663 0.5100587060054144 0.1704150297795865 0.7014241516590118
0 0.7153583715170508 0.5862364768981934 0.04903002836858365 0.150178591410319
0 0.5278250690648765 0.5952047308286031 0.05653665636882129 0.28044116497039795
0 0.3704409291082462 0.5750249624252319 0.06381179171370009 0.2724446455637614
0 0.272332057300176 0.5854276021321615 0.11269484545341463 0.4489523569742839
0 0.5113089238736113 0.5964999596277872 0.08972814871784399 0.28968008359273273
0 0.6329283043458888 0.588746190071106 0.0707817512773289 0.24543134371439615
0 0.0990301066931663 0.5100587060054144 0.1704150297795865 0.7014241516590118
0 0.7153583715170508 0.5862364768981934 0.04903002836858365 0.150178591410319
0 0.5278250690648765 0.5952047308286031 0.05653665636882129 0.28044116497039795
0 0.3704409291082462 0.5750249624252319 0.06381179171370009 0.2724446455637614
0 0.272332057300176 0.5854276021321615 0.11269484545341463 0.4489523569742839
0 0.5113089238736113 0.5964999596277872 0.08972814871784399 0.28968008359273273
0 0.6329283043458888 0.588746190071106 0.0707817512773289 0.24543134371439615
0 0.0990301066931663 0.5100587060054144 0.1704150297795865 0.7014241516590118
0 0.7153583715170508 0.5862364768981934 0.04903002836858365 0.150178591410319
0 0.5278250690648765 0.5952047308286031 0.05653665636882129 0.28044116497039795
0 0.3704409291082462 0.5750249624252319 0.06381179171370009 0.2724446455637614
0 0.272332057300176 0.5854276021321615 0.11269484545341463 0.4489523569742839
0 0.5113089238736113 0.5964999596277872 0.08972814871784399 0.28968008359273273
0 0.6329283043458888 0.588746190071106 0.0707817512773289 0.24543134371439615
0 0.0990301066931663 0.5100587060054144 0.1704150297795865 0.7014241516590118
0 0.7153583715170508 0.5862364768981934 0.04903002836858365 0.150178591410319
0 0.5278250690648765 0.5952047308286031 0.05653665636882129 0.28044116497039795
