0 0.22150349215626317 0.5551271270303165 0.44300698431252633 0.8503177530625288
0 0.5372758730493411 0.6656450159409467 0.3024633388326626 0.6191643210018383
0 0.22150349215626317 0.5551271270303165 0.44300698431252633 0.8503177530625288
0 0.5372758730493411 0.6656450159409467 0.3024633388326626 0.6191643210018383
0 0.22150349215626317 0.5551271270303165 0.44300698431252633 0.8503177530625288
0 0.5372758730493411 0.6656450159409467 0.3024633388326626 0.6191643210018383
0 0.22150349215626317 0.5551271270303165 0.44300698431252633 0.8503177530625288
0 0.5372758730493411 0.6656450159409467 0.3024633388326626 0.6191643210018383
0 0.22150349215626317 0.5551271270303165 0.44300698431252633 0.8503177530625288
0 0.5372758730493411 0.6656450159409467 0.3024633388326626 0.6191643210018383
0 0.22150349215626317 0.5551271270303165 0.44300698431252633 0.8503177530625288
0 0.5372758730493411 0.6656450159409467 0.3024633388326626 0.6191643210018383
0 0.22150349215626317 0.5551271270303165 0.44300698431252633 0.8503177530625288
0 0.5372758730493411 0.6656450159409467 0.3024633388326626 0.6191643210018383
0 0.22150349215626317 0.5551271270303165 0.44300698431252633 0.8503177530625288
0 0.5372758730493411 0.6656450159409467 0.3024633388326626 0.6191643210018383
0 0.22150349215626317 0.5551271270303165 0.44300698431252633 0.8503177530625288
0 0.5372758730493411 0.6656450159409467 0.3024633388326626 0.6191643210018383
0 0.22150349215626317 0.5551271270303165 0.44300698431252633 0.8503177530625288
0 0.5372758730493411 0.6656450159409467 0.3024633388326626 0.6191643210018383
