0 0.46337825483311723 0.6332964394309304 0.6306730697715217 0.730248163396662
0 0.46337825483311723 0.6332964394309304 0.6306730697715217 0.730248163396662
0 0.46337825483311723 0.6332964394309304 0.6306730697715217 0.730248163396662
0 0.46337825483311723 0.6332964394309304 0.6306730697715217 0.730248163396662
0 0.46337825483311723 0.6332964394309304 0.6306730697715217 0.730248163396662
0 0.46337825483311723 0.6332964394309304 0.6306730697715217 0.730248163396662
0 0.46337825483311723 0.6332964394309304 0.6306730697715217 0.730248163396662
0 0.46337825483311723 0.6332964394309304 0.6306730697715217 0.730248163396662
0 0.46337825483311723 0.6332964394309304 0.6306730697715217 0.730248163396662
0 0.46337825483311723 0.6332964394309304 0.6306730697715217 0.730248163396662
