0 0.2984970982869466 0.5330729257492792 0.3933208465576172 0.8769070761544364
0 0.2984970982869466 0.5330729257492792 0.3933208465576172 0.8769070761544364
0 0.2984970982869466 0.5330729257492792 0.3933208465576172 0.8769070761544364
0 0.2984970982869466 0.5330729257492792 0.3933208465576172 0.8769070761544364
0 0.2984970982869466 0.5330729257492792 0.3933208465576172 0.8769070761544364
0 0.2984970982869466 0.5330729257492792 0.3933208465576172 0.8769070761544364
0 0.2984970982869466 0.5330729257492792 0.3933208465576172 0.8769070761544364
0 0.2984970982869466 0.5330729257492792 0.3933208465576172 0.8769070761544364
0 0.2984970982869466 0.5330729257492792 0.3933208465576172 0.8769070761544364
0 0.2984970982869466 0.5330729257492792 0.3933208465576172 0.8769070761544364
