0 0.8785691417347301 0.775380681772701 0.11623440829190342 0.4264505104940446
0 0.765674521706321 0.7637828347461472 0.11155401056463068 0.42921310174660604
0 0.8785691417347301 0.775380681772701 0.11623440829190342 0.4264505104940446
0 0.765674521706321 0.7637828347461472 0.11155401056463068 0.42921310174660604
0 0.8785691417347301 0.775380681772701 0.11623440829190342 0.4264505104940446
0 0.765674521706321 0.7637828347461472 0.11155401056463068 0.42921310174660604
0 0.8785691417347301 0.775380681772701 0.11623440829190342 0.4264505104940446
0 0.765674521706321 0.7637828347461472 0.11155401056463068 0.42921310174660604
0 0.8785691417347301 0.775380681772701 0.11623440829190342 0.4264505104940446
0 0.765674521706321 0.7637828347461472 0.11155401056463068 0.42921310174660604
0 0.8785691417347301 0.775380681772701 0.11623440829190342 0.4264505104940446
0 0.765674521706321 0.7637828347461472 0.11155401056463068 0.42921310174660604
0 0.8785691417347301 0.775380681772701 0.11623440829190342 0.4264505104940446
0 0.765674521706321 0.7637828347461472 0.11155401056463068 0.42921310174660604
0 0.8785691417347301 0.775380681772701 0.11623440829190342 0.4264505104940446
0 0.765674521706321 0.7637828347461472 0.11155401056463068 0.42921310174660604
0 0.8785691417347301 0.775380681772701 0.11623440829190342 0.4264505104940446
0 0.765674521706321 0.7637828347461472 0.11155401056463068 0.42921310174660604
0 0.8785691417347301 0.775380681772701 0.11623440829190342 0.4264505104940446
0 0.765674521706321 0.7637828347461472 0.11155401056463068 0.42921310174660604
