0 0.48852557867345675 0.5408180204488463 0.6836585998535156 0.8989582277287198
0 0.48852557867345675 0.5408180204488463 0.6836585998535156 0.8989582277287198
0 0.48852557867345675 0.5408180204488463 0.6836585998535156 0.8989582277287198
0 0.48852557867345675 0.5408180204488463 0.6836585998535156 0.8989582277287198
0 0.48852557867345675 0.5408180204488463 0.6836585998535156 0.8989582277287198
0 0.48852557867345675 0.5408180204488463 0.6836585998535156 0.8989582277287198
0 0.48852557867345675 0.5408180204488463 0.6836585998535156 0.8989582277287198
0 0.48852557867345675 0.5408180204488463 0.6836585998535156 0.8989582277287198
0 0.48852557867345675 0.5408180204488463 0.6836585998535156 0.8989582277287198
0 0.48852557867345675 0.5408180204488463 0.6836585998535156 0.8989582277287198
