0 0.49879810680042613 0.48736117837207565 0.22404718572443183 0.8832708473414019
0 0.49879810680042613 0.48736117837207565 0.22404718572443183 0.8832708473414019
0 0.49879810680042613 0.48736117837207565 0.22404718572443183 0.8832708473414019
0 0.49879810680042613 0.48736117837207565 0.22404718572443183 0.8832708473414019
0 0.49879810680042613 0.48736117837207565 0.22404718572443183 0.8832708473414019
0 0.49879810680042613 0.48736117837207565 0.22404718572443183 0.8832708473414019
0 0.49879810680042613 0.48736117837207565 0.22404718572443183 0.8832708473414019
0 0.49879810680042613 0.48736117837207565 0.22404718572443183 0.8832708473414019
0 0.49879810680042613 0.48736117837207565 0.22404718572443183 0.8832708473414019
0 0.49879810680042613 0.48736117837207565 0.22404718572443183 0.8832708473414019
