0 0.32359206676483154 0.5634807798597548 0.3818319525037493 0.872278077867296
0 0.7318369320460728 0.5692847442626953 0.45190538678850445 0.8508961147732205
0 0.32359206676483154 0.5634807798597548 0.3818319525037493 0.872278077867296
0 0.7318369320460728 0.5692847442626953 0.45190538678850445 0.8508961147732205
0 0.32359206676483154 0.5634807798597548 0.3818319525037493 0.872278077867296
0 0.7318369320460728 0.5692847442626953 0.45190538678850445 0.8508961147732205
0 0.32359206676483154 0.5634807798597548 0.3818319525037493 0.872278077867296
0 0.7318369320460728 0.5692847442626953 0.45190538678850445 0.8508961147732205
0 0.32359206676483154 0.5634807798597548 0.3818319525037493 0.872278077867296
0 0.7318369320460728 0.5692847442626953 0.45190538678850445 0.8508961147732205
0 0.32359206676483154 0.5634807798597548 0.3818319525037493 0.872278077867296
0 0.7318369320460728 0.5692847442626953 0.45190538678850445 0.8508961147732205
0 0.32359206676483154 0.5634807798597548 0.3818319525037493 0.872278077867296
0 0.7318369320460728 0.5692847442626953 0.45190538678850445 0.8508961147732205
0 0.32359206676483154 0.5634807798597548 0.3818319525037493 0.872278077867296
0 0.7318369320460728 0.5692847442626953 0.45190538678850445 0.8508961147732205
0 0.32359206676483154 0.5634807798597548 0.3818319525037493 0.872278077867296
0 0.7318369320460728 0.5692847442626953 0.45190538678850445 0.8508961147732205
0 0.32359206676483154 0.5634807798597548 0.3818319525037493 0.872278077867296
0 0.7318369320460728 0.5692847442626953 0.45190538678850445 0.8508961147732205
