0 0.4144960912068685 0.6329737390790667 0.143852055867513 0.6307450703212193
0 0.5860064188639323 0.6403904982975551 0.13354156494140626 0.6067826180231004
0 0.14270739873250327 0.48693173272269114 0.04661988576253255 0.18343675704229445
0 0.19350711822509767 0.496847357068743 0.04182339986165365 0.20343676067533947
0 0.24210455576578777 0.48869071687970844 0.04926785786946614 0.20012124379475912
0 0.19467035929361978 0.4752081689380464 0.035895919799804686 0.15391917455764043
0 0.4144960912068685 0.6329737390790667 0.143852055867513 0.6307450703212193
0 0.5860064188639323 0.6403904982975551 0.13354156494140626 0.6067826180231004
0 0.14270739873250327 0.48693173272269114 0.04661988576253255 0.18343675704229445
0 0.19350711822509767 0.496847357068743 0.04182339986165365 0.20343676067533947
0 0.24210455576578777 0.48869071687970844 0.04926785786946614 0.20012124379475912
0 0.19467035929361978 0.4752081689380464 0.035895919799804686 0.15391917455764043
0 0.4144960912068685 0.6329737390790667 0.143852055867513 0.6307450703212193
0 0.5860064188639323 0.6403904982975551 0.13354156494140626 0.6067826180231004
0 0.14270739873250327 0.48693173272269114 0.04661988576253255 0.18343675704229445
0 0.19350711822509767 0.496847357068743 0.04182339986165365 0.20343676067533947
0 0.24210455576578777 0.48869071687970844 0.04926785786946614 0.20012124379475912
0 0.19467035929361978 0.4752081689380464 0.035895919799804686 0.15391917455764043
0 0.4144960912068685 0.6329737390790667 0.143852055867513 0.6307450703212193
0 0.5860064188639323 0.6403904982975551 0.13354156494140626 0.6067826180231004
0 0.14270739873250327 0.48693173272269114 0.04661988576253255 0.18343675704229445
0 0.19350711822509767 0.496847357068743 0.04182339986165365 0.20343676067533947
0 0.24210455576578777 0.48869071687970844 0.04926785786946614 0.20012124379475912
0 0.19467035929361978 0.4752081689380464 0.035895919799804686 0.15391917455764043
0 0.4144960912068685 0.6329737390790667 0.143852055867513 0.6307450703212193
0 0.5860064188639323 0.6403904982975551 0.13354156494140626 0.6067826180231004
0 0.14270739873250327 0.48693173272269114 0.04661988576253255 0.18343675704229445
0 0.19350711822509767 0.496847357068743 0.04182339986165365 0.20343676067533947
0 0.24210455576578777 0.48869071687970844 0.04926785786946614 0.20012124379475912
0 0.19467035929361978 0.4752081689380464 0.035895919799804686 0.15391917455764043
0 0.4144960912068685 0.6329737390790667 0.143852055867513 0.6307450703212193
0 0.5860064188639323 0.6403904982975551 0.13354156494140626 0.6067826180231004
0 0.14270739873250327 0.48693173272269114 0.04661988576253255 0.18343675704229445
0 0.19350711822509767 0.496847357068743 0.04182339986165365 0.20343676067533947
0 0.24210455576578777 0.48869071687970844 0.04926785786946614 0.20012124379475912
0 0.19467035929361978 0.4752081689380464 0.035895919799804686 0.15391917455764043
0 0.4144960912068685 0.6329737390790667 0.143852055867513 0.6307450703212193
0 0.5860064188639323 0.6403904982975551 0.13354156494140626 0.6067826180231004
0 0.14270739873250327 0.48693173272269114 0.04661988576253255 0.18343675704229445
0 0.19350711822509767 0.496847357068743 0.04182339986165365 0.20343676067533947
0 0.24210455576578777 0.48869071687970844 0.04926785786946614 0.20012124379475912
0 0.19467035929361978 0.4752081689380464 0.035895919799804686 0.15391917455764043
0 0.4144960912068685 0.6329737390790667 0.143852055867513 0.6307450703212193
0 0.5860064188639323 0.6403904982975551 0.13354156494140626 0.6067826180231004
0 0.14270739873250327 0.48693173272269114 0.04661988576253255 0.18343675704229445
0 0.19350711822509767 0.496847357068743 0.04182339986165365 0.20343676067533947
0 0.24210455576578777 0.48869071687970844 0.04926785786946614 0.20012124379475912
0 0.19467035929361978 0.4752081689380464 0.035895919799804686 0.15391917455764043
0 0.4144960912068685 0.6329737390790667 0.143852055867513 0.6307450703212193
0 0.5860064188639323 0.6403904982975551 0.13354156494140626 0.6067826180231004
0 0.14270739873250327 0.48693173272269114 0.04661988576253255 0.18343675704229445
0 0.19350711822509767 0.496847357068743 0.04182339986165365 0.20343676067533947
0 0.24210455576578777 0.48869071687970844 0.04926785786946614 0.20012124379475912
0 0.19467035929361978 0.4752081689380464 0.035895919799804686 0.15391917455764043
0 0.4144960912068685 0.6329737390790667 0.143852055867513 0.6307450703212193
0 0.5860064188639323 0.6403904982975551 0.13354156494140626 0.6067826180231004
0 0.14270739873250327 0.48693173272269114 0.04661988576253255 0.18343675704229445
0 0.19350711822509767 0.496847357068743 0.04182339986165365 0.20343676067533947
0 0.24210455576578777 0.48869071687970844 0.04926785786946614 0.20012124379475912
0 0.19467035929361978 0.4752081689380464 0.035895919799804686 0.15391917455764043
