0 0.8165515645345052 0.6862815221150717 0.07275370279947917 0.4459538232712519
0 0.9411361694335938 0.7032206399100167 0.0664031982421875 0.43341500418526785
0 0.9084094746907552 0.7010500317528134 0.06708750406901041 0.44287518092564176
7 0.4590959163506826 0.6792279198056176 0.8972811897595724 0.45970953078497023
7 0.3878753912448883 0.6191016378856841 0.7562042752901713 0.5780064264933268
7 0.46820244431495667 0.5312698852448237 0.9129876081148783 0.7620504583631244
0 0.8165515645345052 0.6862815221150717 0.07275370279947917 0.4459538232712519
0 0.9411361694335938 0.7032206399100167 0.0664031982421875 0.43341500418526785
0 0.9084094746907552 0.7010500317528134 0.06708750406901041 0.44287518092564176
3 0.4590959163506826 0.6792279198056176 0.8972811897595724 0.45970953078497023
3 0.3878753912448883 0.6191016378856841 0.7562042752901713 0.5780064264933268
3 0.46820244431495667 0.5312698852448237 0.9129876081148783 0.7620504583631244
0 0.8165515645345052 0.6862815221150717 0.07275370279947917 0.4459538232712519
0 0.9411361694335938 0.7032206399100167 0.0664031982421875 0.43341500418526785
0 0.9084094746907552 0.7010500317528134 0.06708750406901041 0.44287518092564176
3 0.4590959163506826 0.6792279198056176 0.8972811897595724 0.45970953078497023
3 0.3878753912448883 0.6191016378856841 0.7562042752901713 0.5780064264933268
3 0.46820244431495667 0.5312698852448237 0.9129876081148783 0.7620504583631244
0 0.8165515645345052 0.6862815221150717 0.07275370279947917 0.4459538232712519
0 0.9411361694335938 0.7032206399100167 0.0664031982421875 0.43341500418526785
0 0.9084094746907552 0.7010500317528134 0.06708750406901041 0.44287518092564176
3 0.4590959163506826 0.6792279198056176 0.8972811897595724 0.45970953078497023
3 0.3878753912448883 0.6191016378856841 0.7562042752901713 0.5780064264933268
3 0.46820244431495667 0.5312698852448237 0.9129876081148783 0.7620504583631244
0 0.8165515645345052 0.6862815221150717 0.07275370279947917 0.4459538232712519
0 0.9411361694335938 0.7032206399100167 0.0664031982421875 0.43341500418526785
0 0.9084094746907552 0.7010500317528134 0.06708750406901041 0.44287518092564176
3 0.4590959163506826 0.6792279198056176 0.8972811897595724 0.45970953078497023
3 0.3878753912448883 0.6191016378856841 0.7562042752901713 0.5780064264933268
3 0.46820244431495667 0.5312698852448237 0.9129876081148783 0.7620504583631244
0 0.8165515645345052 0.6862815221150717 0.07275370279947917 0.4459538232712519
0 0.9411361694335938 0.7032206399100167 0.0664031982421875 0.43341500418526785
0 0.9084094746907552 0.7010500317528134 0.06708750406901041 0.44287518092564176
3 0.4590959163506826 0.6792279198056176 0.8972811897595724 0.45970953078497023
3 0.3878753912448883 0.6191016378856841 0.7562042752901713 0.5780064264933268
3 0.46820244431495667 0.5312698852448237 0.9129876081148783 0.7620504583631244
0 0.8165515645345052 0.6862815221150717 0.07275370279947917 0.4459538232712519
0 0.9411361694335938 0.7032206399100167 0.0664031982421875 0.43341500418526785
0 0.9084094746907552 0.7010500317528134 0.06708750406901041 0.44287518092564176
3 0.4590959163506826 0.6792279198056176 0.8972811897595724 0.45970953078497023
3 0.3878753912448883 0.6191016378856841 0.7562042752901713 0.5780064264933268
3 0.46820244431495667 0.5312698852448237 0.9129876081148783 0.7620504583631244
0 0.8165515645345052 0.6862815221150717 0.07275370279947917 0.4459538232712519
0 0.9411361694335938 0.7032206399100167 0.0664031982421875 0.43341500418526785
0 0.9084094746907552 0.7010500317528134 0.06708750406901041 0.44287518092564176
3 0.4590959163506826 0.6792279198056176 0.8972811897595724 0.45970953078497023
3 0.3878753912448883 0.6191016378856841 0.7562042752901713 0.5780064264933268
3 0.46820244431495667 0.5312698852448237 0.9129876081148783 0.7620504583631244
0 0.8165515645345052 0.6862815221150717 0.07275370279947917 0.4459538232712519
0 0.9411361694335938 0.7032206399100167 0.0664031982421875 0.43341500418526785
0 0.9084094746907552 0.7010500317528134 0.06708750406901041 0.44287518092564176
3 0.4590959163506826 0.6792279198056176 0.8972811897595724 0.45970953078497023
3 0.3878753912448883 0.6191016378856841 0.7562042752901713 0.5780064264933268
3 0.46820244431495667 0.5312698852448237 0.9129876081148783 0.7620504583631244
0 0.8165515645345052 0.6862815221150717 0.07275370279947917 0.4459538232712519
0 0.9411361694335938 0.7032206399100167 0.0664031982421875 0.43341500418526785
0 0.9084094746907552 0.7010500317528134 0.06708750406901041 0.44287518092564176
3 0.4590959163506826 0.6792279198056176 0.8972811897595724 0.45970953078497023
3 0.3878753912448883 0.6191016378856841 0.7562042752901713 0.5780064264933268
3 0.46820244431495667 0.5312698852448237 0.9129876081148783 0.7620504583631244
