0 0.5584604517618815 0.5939687660762242 0.3122899119059245 0.7732593672616142
0 0.4832384745279948 0.24671932061513266 0.09433614095052083 0.18839562506902785
0 0.2340391524632772 0.5465603385652814 0.40060089429219564 0.8776180517105829
0 0.5584604517618815 0.5939687660762242 0.3122899119059245 0.7732593672616142
0 0.4832384745279948 0.24671932061513266 0.09433614095052083 0.18839562506902785
0 0.2340391524632772 0.5465603385652814 0.40060089429219564 0.8776180517105829
0 0.5584604517618815 0.5939687660762242 0.3122899119059245 0.7732593672616142
0 0.4832384745279948 0.24671932061513266 0.09433614095052083 0.18839562506902785
0 0.2340391524632772 0.5465603385652814 0.40060089429219564 0.8776180517105829
0 0.5584604517618815 0.5939687660762242 0.3122899119059245 0.7732593672616142
0 0.4832384745279948 0.24671932061513266 0.09433614095052083 0.18839562506902785
0 0.2340391524632772 0.5465603385652814 0.40060089429219564 0.8776180517105829
0 0.5584604517618815 0.5939687660762242 0.3122899119059245 0.7732593672616142
0 0.4832384745279948 0.24671932061513266 0.09433614095052083 0.18839562506902785
0 0.2340391524632772 0.5465603385652814 0.40060089429219564 0.8776180517105829
0 0.5584604517618815 0.5939687660762242 0.3122899119059245 0.7732593672616142
0 0.4832384745279948 0.24671932061513266 0.09433614095052083 0.18839562506902785
0 0.2340391524632772 0.5465603385652814 0.40060089429219564 0.8776180517105829
0 0.5584604517618815 0.5939687660762242 0.3122899119059245 0.7732593672616142
0 0.4832384745279948 0.24671932061513266 0.09433614095052083 0.18839562506902785
0 0.2340391524632772 0.5465603385652814 0.40060089429219564 0.8776180517105829
0 0.5584604517618815 0.5939687660762242 0.3122899119059245 0.7732593672616142
0 0.4832384745279948 0.24671932061513266 0.09433614095052083 0.18839562506902785
0 0.2340391524632772 0.5465603385652814 0.40060089429219564 0.8776180517105829
0 0.5584604517618815 0.5939687660762242 0.3122899119059245 0.7732593672616142
0 0.4832384745279948 0.24671932061513266 0.09433614095052083 0.18839562506902785
0 0.2340391524632772 0.5465603385652814 0.40060089429219564 0.8776180517105829
0 0.5584604517618815 0.5939687660762242 0.3122899119059245 0.7732593672616142
0 0.4832384745279948 0.24671932061513266 0.09433614095052083 0.18839562506902785
0 0.2340391524632772 0.5465603385652814 0.40060089429219564 0.8776180517105829
