4 0.4975640869140625 0.47109849987134256 0.995128173828125 0.9340732319107472
2 0.4975640869140625 0.47109849987134256 0.995128173828125 0.9340732319107472
2 0.4975640869140625 0.47109849987134256 0.995128173828125 0.9340732319107472
2 0.4975640869140625 0.47109849987134256 0.995128173828125 0.9340732319107472
2 0.4975640869140625 0.47109849987134256 0.995128173828125 0.9340732319107472
2 0.4975640869140625 0.47109849987134256 0.995128173828125 0.9340732319107472
2 0.4975640869140625 0.47109849987134256 0.995128173828125 0.9340732319107472
2 0.4975640869140625 0.47109849987134256 0.995128173828125 0.9340732319107472
2 0.4975640869140625 0.47109849987134256 0.995128173828125 0.9340732319107472
2 0.4975640869140625 0.47109849987134256 0.995128173828125 0.9340732319107472
