4 0.5588840293884277 0.4942713124411447 0.8481979242960612 0.6932049932933989
2 0.5588840293884277 0.4942713124411447 0.8481979242960612 0.6932049932933989
2 0.5588840293884277 0.4942713124411447 0.8481979242960612 0.6932049932933989
2 0.5588840293884277 0.4942713124411447 0.8481979242960612 0.6932049932933989
2 0.5588840293884277 0.4942713124411447 0.8481979242960612 0.6932049932933989
2 0.5588840293884277 0.4942713124411447 0.8481979242960612 0.6932049932933989
2 0.5588840293884277 0.4942713124411447 0.8481979242960612 0.6932049932933989
2 0.5588840293884277 0.4942713124411447 0.8481979242960612 0.6932049932933989
2 0.5588840293884277 0.4942713124411447 0.8481979242960612 0.6932049932933989
2 0.5588840293884277 0.4942713124411447 0.8481979242960612 0.6932049932933989
