4 0.4603172175089518 0.5080176818938482 0.6468186696370443 0.8221291928064256
2 0.4603172175089518 0.5080176818938482 0.6468186696370443 0.8221291928064256
2 0.4603172175089518 0.5080176818938482 0.6468186696370443 0.8221291928064256
2 0.4603172175089518 0.5080176818938482 0.6468186696370443 0.8221291928064256
2 0.4603172175089518 0.5080176818938482 0.6468186696370443 0.8221291928064256
2 0.4603172175089518 0.5080176818938482 0.6468186696370443 0.8221291928064256
2 0.4603172175089518 0.5080176818938482 0.6468186696370443 0.8221291928064256
2 0.4603172175089518 0.5080176818938482 0.6468186696370443 0.8221291928064256
2 0.4603172175089518 0.5080176818938482 0.6468186696370443 0.8221291928064256
2 0.4603172175089518 0.5080176818938482 0.6468186696370443 0.8221291928064256
