4 0.4959809684753418 0.39696879046303885 0.8014061864217122 0.661037456421625
2 0.4959809684753418 0.39696879046303885 0.8014061864217122 0.661037456421625
2 0.4959809684753418 0.39696879046303885 0.8014061864217122 0.661037456421625
2 0.4959809684753418 0.39696879046303885 0.8014061864217122 0.661037456421625
2 0.4959809684753418 0.39696879046303885 0.8014061864217122 0.661037456421625
2 0.4959809684753418 0.39696879046303885 0.8014061864217122 0.661037456421625
2 0.4959809684753418 0.39696879046303885 0.8014061864217122 0.661037456421625
2 0.4959809684753418 0.39696879046303885 0.8014061864217122 0.661037456421625
2 0.4959809684753418 0.39696879046303885 0.8014061864217122 0.661037456421625
2 0.4959809684753418 0.39696879046303885 0.8014061864217122 0.661037456421625
