8 0.17902539783053928 0.7667122395833333 0.21627266354031033 0.11007500542534722
4 0.9109597100151909 0.7987055799696181 0.1771097140842014 0.10832587348090278
4 0.914698011610243 0.7847650824652778 0.16933675130208334 0.07663167317708333
0 0.36697301228841145 0.779684549967448 0.014089796278211806 0.03172207302517361
4 0.5406774054633247 0.27825331370035805 0.912807379828559 0.2960717010498047
4 0.17902539783053928 0.7667122395833333 0.21627266354031033 0.11007500542534722
2 0.9109597100151909 0.7987055799696181 0.1771097140842014 0.10832587348090278
2 0.914698011610243 0.7847650824652778 0.16933675130208334 0.07663167317708333
0 0.36697301228841145 0.779684549967448 0.014089796278211806 0.03172207302517361
2 0.5406774054633247 0.27825331370035805 0.912807379828559 0.2960717010498047
4 0.17902539783053928 0.7667122395833333 0.21627266354031033 0.11007500542534722
2 0.9109597100151909 0.7987055799696181 0.1771097140842014 0.10832587348090278
2 0.914698011610243 0.7847650824652778 0.16933675130208334 0.07663167317708333
0 0.36697301228841145 0.779684549967448 0.014089796278211806 0.03172207302517361
2 0.5406774054633247 0.27825331370035805 0.912807379828559 0.2960717010498047
4 0.17902539783053928 0.7667122395833333 0.21627266354031033 0.11007500542534722
2 0.9109597100151909 0.7987055799696181 0.1771097140842014 0.10832587348090278
2 0.914698011610243 0.7847650824652778 0.16933675130208334 0.07663167317708333
0 0.36697301228841145 0.779684549967448 0.014089796278211806 0.03172207302517361
2 0.5406774054633247 0.27825331370035805 0.912807379828559 0.2960717010498047
4 0.17902539783053928 0.7667122395833333 0.21627266354031033 0.11007500542534722
2 0.9109597100151909 0.7987055799696181 0.1771097140842014 0.10832587348090278
2 0.914698011610243 0.7847650824652778 0.16933675130208334 0.07663167317708333
0 0.36697301228841145 0.779684549967448 0.014089796278211806 0.03172207302517361
2 0.5406774054633247 0.27825331370035805 0.912807379828559 0.2960717010498047
4 0.17902539783053928 0.7667122395833333 0.21627266354031033 0.11007500542534722
2 0.9109597100151909 0.7987055799696181 0.1771097140842014 0.10832587348090278
2 0.914698011610243 0.7847650824652778 0.16933675130208334 0.07663167317708333
0 0.36697301228841145 0.779684549967448 0.014089796278211806 0.03172207302517361
2 0.5406774054633247 0.27825331370035805 0.912807379828559 0.2960717010498047
4 0.17902539783053928 0.7667122395833333 0.21627266354031033 0.11007500542534722
2 0.9109597100151909 0.7987055799696181 0.1771097140842014 0.10832587348090278
2 0.914698011610243 0.7847650824652778 0.16933675130208334 0.07663167317708333
0 0.36697301228841145 0.779684549967448 0.014089796278211806 0.03172207302517361
2 0.5406774054633247 0.27825331370035805 0.912807379828559 0.2960717010498047
4 0.17902539783053928 0.7667122395833333 0.21627266354031033 0.11007500542534722
2 0.9109597100151909 0.7987055799696181 0.1771097140842014 0.10832587348090278
2 0.914698011610243 0.7847650824652778 0.16933675130208334 0.07663167317708333
0 0.36697301228841145 0.779684549967448 0.014089796278211806 0.03172207302517361
2 0.5406774054633247 0.27825331370035805 0.912807379828559 0.2960717010498047
4 0.17902539783053928 0.7667122395833333 0.21627266354031033 0.11007500542534722
2 0.9109597100151909 0.7987055799696181 0.1771097140842014 0.10832587348090278
2 0.914698011610243 0.7847650824652778 0.16933675130208334 0.07663167317708333
0 0.36697301228841145 0.779684549967448 0.014089796278211806 0.03172207302517361
2 0.5406774054633247 0.27825331370035805 0.912807379828559 0.2960717010498047
4 0.17902539783053928 0.7667122395833333 0.21627266354031033 0.11007500542534722
2 0.9109597100151909 0.7987055799696181 0.1771097140842014 0.10832587348090278
2 0.914698011610243 0.7847650824652778 0.16933675130208334 0.07663167317708333
0 0.36697301228841145 0.779684549967448 0.014089796278211806 0.03172207302517361
2 0.5406774054633247 0.27825331370035805 0.912807379828559 0.2960717010498047
