4 0.37095456903631036 0.4837957757418273 0.689347187389027 0.7916822902491836
2 0.37095456903631036 0.4837957757418273 0.689347187389027 0.7916822902491836
2 0.37095456903631036 0.4837957757418273 0.689347187389027 0.7916822902491836
2 0.37095456903631036 0.4837957757418273 0.689347187389027 0.7916822902491836
2 0.37095456903631036 0.4837957757418273 0.689347187389027 0.7916822902491836
2 0.37095456903631036 0.4837957757418273 0.689347187389027 0.7916822902491836
2 0.37095456903631036 0.4837957757418273 0.689347187389027 0.7916822902491836
2 0.37095456903631036 0.4837957757418273 0.689347187389027 0.7916822902491836
2 0.37095456903631036 0.4837957757418273 0.689347187389027 0.7916822902491836
2 0.37095456903631036 0.4837957757418273 0.689347187389027 0.7916822902491836
