4 0.5145207249034535 0.5096838956322175 0.908789027820934 0.7518572677028635
2 0.5145207249034535 0.5096838956322175 0.908789027820934 0.7518572677028635
2 0.5145207249034535 0.5096838956322175 0.908789027820934 0.7518572677028635
2 0.5145207249034535 0.5096838956322175 0.908789027820934 0.7518572677028635
2 0.5145207249034535 0.5096838956322175 0.908789027820934 0.7518572677028635
2 0.5145207249034535 0.5096838956322175 0.908789027820934 0.7518572677028635
2 0.5145207249034535 0.5096838956322175 0.908789027820934 0.7518572677028635
2 0.5145207249034535 0.5096838956322175 0.908789027820934 0.7518572677028635
2 0.5145207249034535 0.5096838956322175 0.908789027820934 0.7518572677028635
2 0.5145207249034535 0.5096838956322175 0.908789027820934 0.7518572677028635
