4 0.48760097684004367 0.5728981583206741 0.9649350780707139 0.4134893535095968
4 0.3209209103996937 0.564409821121781 0.6347107218626218 0.4056297113865982
2 0.48760097684004367 0.5728981583206741 0.9649350780707139 0.4134893535095968
2 0.3209209103996937 0.564409821121781 0.6347107218626218 0.4056297113865982
2 0.48760097684004367 0.5728981583206741 0.9649350780707139 0.4134893535095968
2 0.3209209103996937 0.564409821121781 0.6347107218626218 0.4056297113865982
2 0.48760097684004367 0.5728981583206741 0.9649350780707139 0.4134893535095968
2 0.3209209103996937 0.564409821121781 0.6347107218626218 0.4056297113865982
2 0.48760097684004367 0.5728981583206741 0.9649350780707139 0.4134893535095968
2 0.3209209103996937 0.564409821121781 0.6347107218626218 0.4056297113865982
2 0.48760097684004367 0.5728981583206741 0.9649350780707139 0.4134893535095968
2 0.3209209103996937 0.564409821121781 0.6347107218626218 0.4056297113865982
2 0.48760097684004367 0.5728981583206741 0.9649350780707139 0.4134893535095968
2 0.3209209103996937 0.564409821121781 0.6347107218626218 0.4056297113865982
2 0.48760097684004367 0.5728981583206741 0.9649350780707139 0.4134893535095968
2 0.3209209103996937 0.564409821121781 0.6347107218626218 0.4056297113865982
2 0.48760097684004367 0.5728981583206741 0.9649350780707139 0.4134893535095968
2 0.3209209103996937 0.564409821121781 0.6347107218626218 0.4056297113865982
2 0.48760097684004367 0.5728981583206741 0.9649350780707139 0.4134893535095968
2 0.3209209103996937 0.564409821121781 0.6347107218626218 0.4056297113865982
