4 0.5017280470650151 0.4540570761028089 0.8127002572113613 0.6029714383577046
2 0.5017280470650151 0.4540570761028089 0.8127002572113613 0.6029714383577046
2 0.5017280470650151 0.4540570761028089 0.8127002572113613 0.6029714383577046
2 0.5017280470650151 0.4540570761028089 0.8127002572113613 0.6029714383577046
2 0.5017280470650151 0.4540570761028089 0.8127002572113613 0.6029714383577046
2 0.5017280470650151 0.4540570761028089 0.8127002572113613 0.6029714383577046
2 0.5017280470650151 0.4540570761028089 0.8127002572113613 0.6029714383577046
2 0.5017280470650151 0.4540570761028089 0.8127002572113613 0.6029714383577046
2 0.5017280470650151 0.4540570761028089 0.8127002572113613 0.6029714383577046
2 0.5017280470650151 0.4540570761028089 0.8127002572113613 0.6029714383577046
