4 0.5224857123692831 0.35887614885965985 0.9499827988942464 0.6064647265842983
2 0.5224857123692831 0.35887614885965985 0.9499827988942464 0.6064647265842983
2 0.5224857123692831 0.35887614885965985 0.9499827988942464 0.6064647265842983
2 0.5224857123692831 0.35887614885965985 0.9499827988942464 0.6064647265842983
2 0.5224857123692831 0.35887614885965985 0.9499827988942464 0.6064647265842983
2 0.5224857123692831 0.35887614885965985 0.9499827988942464 0.6064647265842983
2 0.5224857123692831 0.35887614885965985 0.9499827988942464 0.6064647265842983
2 0.5224857123692831 0.35887614885965985 0.9499827988942464 0.6064647265842983
2 0.5224857123692831 0.35887614885965985 0.9499827988942464 0.6064647265842983
2 0.5224857123692831 0.35887614885965985 0.9499827988942464 0.6064647265842983
