4 0.5719776630401612 0.42770565543205114 0.8538382530212403 0.8227013266010649
2 0.5719776630401612 0.42770565543205114 0.8538382530212403 0.8227013266010649
2 0.5719776630401612 0.42770565543205114 0.8538382530212403 0.8227013266010649
2 0.5719776630401612 0.42770565543205114 0.8538382530212403 0.8227013266010649
2 0.5719776630401612 0.42770565543205114 0.8538382530212403 0.8227013266010649
2 0.5719776630401612 0.42770565543205114 0.8538382530212403 0.8227013266010649
2 0.5719776630401612 0.42770565543205114 0.8538382530212403 0.8227013266010649
2 0.5719776630401612 0.42770565543205114 0.8538382530212403 0.8227013266010649
2 0.5719776630401612 0.42770565543205114 0.8538382530212403 0.8227013266010649
2 0.5719776630401612 0.42770565543205114 0.8538382530212403 0.8227013266010649
