4 0.5054974062102181 0.5164010683695476 0.9342276607240949 0.5673555374145508
2 0.5054974062102181 0.5164010683695476 0.9342276607240949 0.5673555374145508
2 0.5054974062102181 0.5164010683695476 0.9342276607240949 0.5673555374145508
2 0.5054974062102181 0.5164010683695476 0.9342276607240949 0.5673555374145508
2 0.5054974062102181 0.5164010683695476 0.9342276607240949 0.5673555374145508
2 0.5054974062102181 0.5164010683695476 0.9342276607240949 0.5673555374145508
2 0.5054974062102181 0.5164010683695476 0.9342276607240949 0.5673555374145508
2 0.5054974062102181 0.5164010683695476 0.9342276607240949 0.5673555374145508
2 0.5054974062102181 0.5164010683695476 0.9342276607240949 0.5673555374145508
2 0.5054974062102181 0.5164010683695476 0.9342276607240949 0.5673555374145508
