4 0.502723749334162 0.23723004554790225 0.7889597944779829 0.36155862234980685
2 0.502723749334162 0.23723004554790225 0.7889597944779829 0.36155862234980685
2 0.502723749334162 0.23723004554790225 0.7889597944779829 0.36155862234980685
2 0.502723749334162 0.23723004554790225 0.7889597944779829 0.36155862234980685
2 0.502723749334162 0.23723004554790225 0.7889597944779829 0.36155862234980685
2 0.502723749334162 0.23723004554790225 0.7889597944779829 0.36155862234980685
2 0.502723749334162 0.23723004554790225 0.7889597944779829 0.36155862234980685
2 0.502723749334162 0.23723004554790225 0.7889597944779829 0.36155862234980685
2 0.502723749334162 0.23723004554790225 0.7889597944779829 0.36155862234980685
2 0.502723749334162 0.23723004554790225 0.7889597944779829 0.36155862234980685
