4 0.6412857232406793 0.24107734935799824 0.21559997322936775 0.2832733527901246
4 0.3215010727694596 0.23428782728529468 0.21912574031638363 0.2977137319820443
4 0.19478286463321406 0.6495634452583864 0.22462527448146039 0.27882082437731553
4 0.5302588709532985 0.6154179917168372 0.2273710685347038 0.33643514102267236
2 0.6412857232406793 0.24107734935799824 0.21559997322936775 0.2832733527901246
2 0.3215010727694596 0.23428782728529468 0.21912574031638363 0.2977137319820443
2 0.19478286463321406 0.6495634452583864 0.22462527448146039 0.27882082437731553
2 0.5302588709532985 0.6154179917168372 0.2273710685347038 0.33643514102267236
2 0.6412857232406793 0.24107734935799824 0.21559997322936775 0.2832733527901246
2 0.3215010727694596 0.23428782728529468 0.21912574031638363 0.2977137319820443
2 0.19478286463321406 0.6495634452583864 0.22462527448146039 0.27882082437731553
2 0.5302588709532985 0.6154179917168372 0.2273710685347038 0.33643514102267236
2 0.6412857232406793 0.24107734935799824 0.21559997322936775 0.2832733527901246
2 0.3215010727694596 0.23428782728529468 0.21912574031638363 0.2977137319820443
2 0.19478286463321406 0.6495634452583864 0.22462527448146039 0.27882082437731553
2 0.5302588709532985 0.6154179917168372 0.2273710685347038 0.33643514102267236
2 0.6412857232406793 0.24107734935799824 0.21559997322936775 0.2832733527901246
2 0.3215010727694596 0.23428782728529468 0.21912574031638363 0.2977137319820443
2 0.19478286463321406 0.6495634452583864 0.22462527448146039 0.27882082437731553
2 0.5302588709532985 0.6154179917168372 0.2273710685347038 0.33643514102267236
2 0.6412857232406793 0.24107734935799824 0.21559997322936775 0.2832733527901246
2 0.3215010727694596 0.23428782728529468 0.21912574031638363 0.2977137319820443
2 0.19478286463321406 0.6495634452583864 0.22462527448146039 0.27882082437731553
2 0.5302588709532985 0.6154179917168372 0.2273710685347038 0.33643514102267236
2 0.6412857232406793 0.24107734935799824 0.21559997322936775 0.2832733527901246
2 0.3215010727694596 0.23428782728529468 0.21912574031638363 0.2977137319820443
2 0.19478286463321406 0.6495634452583864 0.22462527448146039 0.27882082437731553
2 0.5302588709532985 0.6154179917168372 0.2273710685347038 0.33643514102267236
2 0.6412857232406793 0.24107734935799824 0.21559997322936775 0.2832733527901246
2 0.3215010727694596 0.23428782728529468 0.21912574031638363 0.2977137319820443
2 0.19478286463321406 0.6495634452583864 0.22462527448146039 0.27882082437731553
2 0.5302588709532985 0.6154179917168372 0.2273710685347038 0.33643514102267236
2 0.6412857232406793 0.24107734935799824 0.21559997322936775 0.2832733527901246
2 0.3215010727694596 0.23428782728529468 0.21912574031638363 0.2977137319820443
2 0.19478286463321406 0.6495634452583864 0.22462527448146039 0.27882082437731553
2 0.5302588709532985 0.6154179917168372 0.2273710685347038 0.33643514102267236
2 0.6412857232406793 0.24107734935799824 0.21559997322936775 0.2832733527901246
2 0.3215010727694596 0.23428782728529468 0.21912574031638363 0.2977137319820443
2 0.19478286463321406 0.6495634452583864 0.22462527448146039 0.27882082437731553
2 0.5302588709532985 0.6154179917168372 0.2273710685347038 0.33643514102267236
