4 0.5139407834699077 0.4847210214181912 0.899843160567745 0.9619877674828278
2 0.5139407834699077 0.4847210214181912 0.899843160567745 0.9619877674828278
2 0.5139407834699077 0.4847210214181912 0.899843160567745 0.9619877674828278
2 0.5139407834699077 0.4847210214181912 0.899843160567745 0.9619877674828278
2 0.5139407834699077 0.4847210214181912 0.899843160567745 0.9619877674828278
2 0.5139407834699077 0.4847210214181912 0.899843160567745 0.9619877674828278
2 0.5139407834699077 0.4847210214181912 0.899843160567745 0.9619877674828278
2 0.5139407834699077 0.4847210214181912 0.899843160567745 0.9619877674828278
2 0.5139407834699077 0.4847210214181912 0.899843160567745 0.9619877674828278
2 0.5139407834699077 0.4847210214181912 0.899843160567745 0.9619877674828278
