4 0.5021345901489258 0.3470625877380371 0.5801294199625651 0.463816279456729
2 0.5021345901489258 0.3470625877380371 0.5801294199625651 0.463816279456729
2 0.5021345901489258 0.3470625877380371 0.5801294199625651 0.463816279456729
2 0.5021345901489258 0.3470625877380371 0.5801294199625651 0.463816279456729
2 0.5021345901489258 0.3470625877380371 0.5801294199625651 0.463816279456729
2 0.5021345901489258 0.3470625877380371 0.5801294199625651 0.463816279456729
2 0.5021345901489258 0.3470625877380371 0.5801294199625651 0.463816279456729
2 0.5021345901489258 0.3470625877380371 0.5801294199625651 0.463816279456729
2 0.5021345901489258 0.3470625877380371 0.5801294199625651 0.463816279456729
2 0.5021345901489258 0.3470625877380371 0.5801294199625651 0.463816279456729
