4 0.5413124790898076 0.4558353041582566 0.9018617135507089 0.7498964676882494
2 0.5413124790898076 0.4558353041582566 0.9018617135507089 0.7498964676882494
2 0.5413124790898076 0.4558353041582566 0.9018617135507089 0.7498964676882494
2 0.5413124790898076 0.4558353041582566 0.9018617135507089 0.7498964676882494
2 0.5413124790898076 0.4558353041582566 0.9018617135507089 0.7498964676882494
2 0.5413124790898076 0.4558353041582566 0.9018617135507089 0.7498964676882494
2 0.5413124790898076 0.4558353041582566 0.9018617135507089 0.7498964676882494
2 0.5413124790898076 0.4558353041582566 0.9018617135507089 0.7498964676882494
2 0.5413124790898076 0.4558353041582566 0.9018617135507089 0.7498964676882494
2 0.5413124790898076 0.4558353041582566 0.9018617135507089 0.7498964676882494
