4 0.49974736614503723 0.42365836054900957 0.9035493740137073 0.592496444618767
2 0.49974736614503723 0.42365836054900957 0.9035493740137073 0.592496444618767
2 0.49974736614503723 0.42365836054900957 0.9035493740137073 0.592496444618767
2 0.49974736614503723 0.42365836054900957 0.9035493740137073 0.592496444618767
2 0.49974736614503723 0.42365836054900957 0.9035493740137073 0.592496444618767
2 0.49974736614503723 0.42365836054900957 0.9035493740137073 0.592496444618767
2 0.49974736614503723 0.42365836054900957 0.9035493740137073 0.592496444618767
2 0.49974736614503723 0.42365836054900957 0.9035493740137073 0.592496444618767
2 0.49974736614503723 0.42365836054900957 0.9035493740137073 0.592496444618767
2 0.49974736614503723 0.42365836054900957 0.9035493740137073 0.592496444618767
