4 0.5172691202875394 0.4580777147982983 0.6233369343316377 0.20347858997101478
2 0.5172691202875394 0.4580777147982983 0.6233369343316377 0.20347858997101478
2 0.5172691202875394 0.4580777147982983 0.6233369343316377 0.20347858997101478
2 0.5172691202875394 0.4580777147982983 0.6233369343316377 0.20347858997101478
2 0.5172691202875394 0.4580777147982983 0.6233369343316377 0.20347858997101478
2 0.5172691202875394 0.4580777147982983 0.6233369343316377 0.20347858997101478
2 0.5172691202875394 0.4580777147982983 0.6233369343316377 0.20347858997101478
2 0.5172691202875394 0.4580777147982983 0.6233369343316377 0.20347858997101478
2 0.5172691202875394 0.4580777147982983 0.6233369343316377 0.20347858997101478
2 0.5172691202875394 0.4580777147982983 0.6233369343316377 0.20347858997101478
