4 0.644874236162971 0.5111333349699615 0.7060719658346737 0.8775469103167134
4 0.3531268554575303 0.5138082401726836 0.6066760035122142 0.8468770263015583
2 0.644874236162971 0.5111333349699615 0.7060719658346737 0.8775469103167134
2 0.3531268554575303 0.5138082401726836 0.6066760035122142 0.8468770263015583
2 0.644874236162971 0.5111333349699615 0.7060719658346737 0.8775469103167134
2 0.3531268554575303 0.5138082401726836 0.6066760035122142 0.8468770263015583
2 0.644874236162971 0.5111333349699615 0.7060719658346737 0.8775469103167134
2 0.3531268554575303 0.5138082401726836 0.6066760035122142 0.8468770263015583
2 0.644874236162971 0.5111333349699615 0.7060719658346737 0.8775469103167134
2 0.3531268554575303 0.5138082401726836 0.6066760035122142 0.8468770263015583
2 0.644874236162971 0.5111333349699615 0.7060719658346737 0.8775469103167134
2 0.3531268554575303 0.5138082401726836 0.6066760035122142 0.8468770263015583
2 0.644874236162971 0.5111333349699615 0.7060719658346737 0.8775469103167134
2 0.3531268554575303 0.5138082401726836 0.6066760035122142 0.8468770263015583
2 0.644874236162971 0.5111333349699615 0.7060719658346737 0.8775469103167134
2 0.3531268554575303 0.5138082401726836 0.6066760035122142 0.8468770263015583
2 0.644874236162971 0.5111333349699615 0.7060719658346737 0.8775469103167134
2 0.3531268554575303 0.5138082401726836 0.6066760035122142 0.8468770263015583
2 0.644874236162971 0.5111333349699615 0.7060719658346737 0.8775469103167134
2 0.3531268554575303 0.5138082401726836 0.6066760035122142 0.8468770263015583
