4 0.4861323006947835 0.5103220144907633 0.8326650047302246 0.5506924447559175
2 0.4861323006947835 0.5103220144907633 0.8326650047302246 0.5506924447559175
2 0.4861323006947835 0.5103220144907633 0.8326650047302246 0.5506924447559175
2 0.4861323006947835 0.5103220144907633 0.8326650047302246 0.5506924447559175
2 0.4861323006947835 0.5103220144907633 0.8326650047302246 0.5506924447559175
2 0.4861323006947835 0.5103220144907633 0.8326650047302246 0.5506924447559175
2 0.4861323006947835 0.5103220144907633 0.8326650047302246 0.5506924447559175
2 0.4861323006947835 0.5103220144907633 0.8326650047302246 0.5506924447559175
2 0.4861323006947835 0.5103220144907633 0.8326650047302246 0.5506924447559175
2 0.4861323006947835 0.5103220144907633 0.8326650047302246 0.5506924447559175
