4 0.6801373644273764 0.47172760669096014 0.33347381886178656 0.2133175414285542
4 0.3641100819087872 0.7194197383927711 0.40518492671071143 0.2466676500108507
4 0.5410758996699784 0.22107712427775064 0.3515831557884094 0.24683320080792462
2 0.6801373644273764 0.47172760669096014 0.33347381886178656 0.2133175414285542
2 0.3641100819087872 0.7194197383927711 0.40518492671071143 0.2466676500108507
2 0.5410758996699784 0.22107712427775064 0.3515831557884094 0.24683320080792462
2 0.6801373644273764 0.47172760669096014 0.33347381886178656 0.2133175414285542
2 0.3641100819087872 0.7194197383927711 0.40518492671071143 0.2466676500108507
2 0.5410758996699784 0.22107712427775064 0.3515831557884094 0.24683320080792462
2 0.6801373644273764 0.47172760669096014 0.33347381886178656 0.2133175414285542
2 0.3641100819087872 0.7194197383927711 0.40518492671071143 0.2466676500108507
2 0.5410758996699784 0.22107712427775064 0.3515831557884094 0.24683320080792462
2 0.6801373644273764 0.47172760669096014 0.33347381886178656 0.2133175414285542
2 0.3641100819087872 0.7194197383927711 0.40518492671071143 0.2466676500108507
2 0.5410758996699784 0.22107712427775064 0.3515831557884094 0.24683320080792462
2 0.6801373644273764 0.47172760669096014 0.33347381886178656 0.2133175414285542
2 0.3641100819087872 0.7194197383927711 0.40518492671071143 0.2466676500108507
2 0.5410758996699784 0.22107712427775064 0.3515831557884094 0.24683320080792462
2 0.6801373644273764 0.47172760669096014 0.33347381886178656 0.2133175414285542
2 0.3641100819087872 0.7194197383927711 0.40518492671071143 0.2466676500108507
2 0.5410758996699784 0.22107712427775064 0.3515831557884094 0.24683320080792462
2 0.6801373644273764 0.47172760669096014 0.33347381886178656 0.2133175414285542
2 0.3641100819087872 0.7194197383927711 0.40518492671071143 0.2466676500108507
2 0.5410758996699784 0.22107712427775064 0.3515831557884094 0.24683320080792462
2 0.6801373644273764 0.47172760669096014 0.33347381886178656 0.2133175414285542
2 0.3641100819087872 0.7194197383927711 0.40518492671071143 0.2466676500108507
2 0.5410758996699784 0.22107712427775064 0.3515831557884094 0.24683320080792462
2 0.6801373644273764 0.47172760669096014 0.33347381886178656 0.2133175414285542
2 0.3641100819087872 0.7194197383927711 0.40518492671071143 0.2466676500108507
2 0.5410758996699784 0.22107712427775064 0.3515831557884094 0.24683320080792462
