7 0.5031349234147505 0.6054989653206914 0.9794399365511808 0.7315044507302874
0 0.5894622802734375 0.2450228414900316 0.09243374911221591 0.1375240888751921
3 0.5031349234147505 0.6054989653206914 0.9794399365511808 0.7315044507302874
0 0.5894622802734375 0.2450228414900316 0.09243374911221591 0.1375240888751921
3 0.5031349234147505 0.6054989653206914 0.9794399365511808 0.7315044507302874
0 0.5894622802734375 0.2450228414900316 0.09243374911221591 0.1375240888751921
3 0.5031349234147505 0.6054989653206914 0.9794399365511808 0.7315044507302874
0 0.5894622802734375 0.2450228414900316 0.09243374911221591 0.1375240888751921
3 0.5031349234147505 0.6054989653206914 0.9794399365511808 0.7315044507302874
0 0.5894622802734375 0.2450228414900316 0.09243374911221591 0.1375240888751921
3 0.5031349234147505 0.6054989653206914 0.9794399365511808 0.7315044507302874
0 0.5894622802734375 0.2450228414900316 0.09243374911221591 0.1375240888751921
3 0.5031349234147505 0.6054989653206914 0.9794399365511808 0.7315044507302874
0 0.5894622802734375 0.2450228414900316 0.09243374911221591 0.1375240888751921
3 0.5031349234147505 0.6054989653206914 0.9794399365511808 0.7315044507302874
0 0.5894622802734375 0.2450228414900316 0.09243374911221591 0.1375240888751921
3 0.5031349234147505 0.6054989653206914 0.9794399365511808 0.7315044507302874
0 0.5894622802734375 0.2450228414900316 0.09243374911221591 0.1375240888751921
3 0.5031349234147505 0.6054989653206914 0.9794399365511808 0.7315044507302874
0 0.5894622802734375 0.2450228414900316 0.09243374911221591 0.1375240888751921
