4 0.13439998973499645 0.43695607211420445 0.140835918079723 0.2646068093555221
4 0.7143577714399858 0.5018841060784345 0.15043717817826704 0.29093153489743423
4 0.36342686046253553 0.34426792332383455 0.14337743585759943 0.29631392682184937
4 0.6086637462269177 0.23317915754891483 0.16426153009588068 0.3069419391819688
2 0.13439998973499645 0.43695607211420445 0.140835918079723 0.2646068093555221
2 0.7143577714399858 0.5018841060784345 0.15043717817826704 0.29093153489743423
2 0.36342686046253553 0.34426792332383455 0.14337743585759943 0.29631392682184937
2 0.6086637462269177 0.23317915754891483 0.16426153009588068 0.3069419391819688
2 0.13439998973499645 0.43695607211420445 0.140835918079723 0.2646068093555221
2 0.7143577714399858 0.5018841060784345 0.15043717817826704 0.29093153489743423
2 0.36342686046253553 0.34426792332383455 0.14337743585759943 0.29631392682184937
2 0.6086637462269177 0.23317915754891483 0.16426153009588068 0.3069419391819688
2 0.13439998973499645 0.43695607211420445 0.140835918079723 0.2646068093555221
2 0.7143577714399858 0.5018841060784345 0.15043717817826704 0.29093153489743423
2 0.36342686046253553 0.34426792332383455 0.14337743585759943 0.29631392682184937
2 0.6086637462269177 0.23317915754891483 0.16426153009588068 0.3069419391819688
2 0.13439998973499645 0.43695607211420445 0.140835918079723 0.2646068093555221
2 0.7143577714399858 0.5018841060784345 0.15043717817826704 0.29093153489743423
2 0.36342686046253553 0.34426792332383455 0.14337743585759943 0.29631392682184937
2 0.6086637462269177 0.23317915754891483 0.16426153009588068 0.3069419391819688
2 0.13439998973499645 0.43695607211420445 0.140835918079723 0.2646068093555221
2 0.7143577714399858 0.5018841060784345 0.15043717817826704 0.29093153489743423
2 0.36342686046253553 0.34426792332383455 0.14337743585759943 0.29631392682184937
2 0.6086637462269177 0.23317915754891483 0.16426153009588068 0.3069419391819688
2 0.13439998973499645 0.43695607211420445 0.140835918079723 0.2646068093555221
2 0.7143577714399858 0.5018841060784345 0.15043717817826704 0.29093153489743423
2 0.36342686046253553 0.34426792332383455 0.14337743585759943 0.29631392682184937
2 0.6086637462269177 0.23317915754891483 0.16426153009588068 0.3069419391819688
2 0.13439998973499645 0.43695607211420445 0.140835918079723 0.2646068093555221
2 0.7143577714399858 0.5018841060784345 0.15043717817826704 0.29093153489743423
2 0.36342686046253553 0.34426792332383455 0.14337743585759943 0.29631392682184937
2 0.6086637462269177 0.23317915754891483 0.16426153009588068 0.3069419391819688
2 0.13439998973499645 0.43695607211420445 0.140835918079723 0.2646068093555221
2 0.7143577714399858 0.5018841060784345 0.15043717817826704 0.29093153489743423
2 0.36342686046253553 0.34426792332383455 0.14337743585759943 0.29631392682184937
2 0.6086637462269177 0.23317915754891483 0.16426153009588068 0.3069419391819688
2 0.13439998973499645 0.43695607211420445 0.140835918079723 0.2646068093555221
2 0.7143577714399858 0.5018841060784345 0.15043717817826704 0.29093153489743423
2 0.36342686046253553 0.34426792332383455 0.14337743585759943 0.29631392682184937
2 0.6086637462269177 0.23317915754891483 0.16426153009588068 0.3069419391819688
