4 0.5204883748834783 0.4831855231946935 0.9141994753750888 0.3016123120250598
2 0.5204883748834783 0.4831855231946935 0.9141994753750888 0.3016123120250598
2 0.5204883748834783 0.4831855231946935 0.9141994753750888 0.3016123120250598
2 0.5204883748834783 0.4831855231946935 0.9141994753750888 0.3016123120250598
2 0.5204883748834783 0.4831855231946935 0.9141994753750888 0.3016123120250598
2 0.5204883748834783 0.4831855231946935 0.9141994753750888 0.3016123120250598
2 0.5204883748834783 0.4831855231946935 0.9141994753750888 0.3016123120250598
2 0.5204883748834783 0.4831855231946935 0.9141994753750888 0.3016123120250598
2 0.5204883748834783 0.4831855231946935 0.9141994753750888 0.3016123120250598
2 0.5204883748834783 0.4831855231946935 0.9141994753750888 0.3016123120250598
