4 0.4786633508855646 0.5797926376426155 0.6601550986550071 0.5537994676600388
4 0.6794178355823863 0.6586404810837709 0.2655233487215909 0.39799436975698
2 0.4786633508855646 0.5797926376426155 0.6601550986550071 0.5537994676600388
2 0.6794178355823863 0.6586404810837709 0.2655233487215909 0.39799436975698
2 0.4786633508855646 0.5797926376426155 0.6601550986550071 0.5537994676600388
2 0.6794178355823863 0.6586404810837709 0.2655233487215909 0.39799436975698
2 0.4786633508855646 0.5797926376426155 0.6601550986550071 0.5537994676600388
2 0.6794178355823863 0.6586404810837709 0.2655233487215909 0.39799436975698
2 0.4786633508855646 0.5797926376426155 0.6601550986550071 0.5537994676600388
2 0.6794178355823863 0.6586404810837709 0.2655233487215909 0.39799436975698
2 0.4786633508855646 0.5797926376426155 0.6601550986550071 0.5537994676600388
2 0.6794178355823863 0.6586404810837709 0.2655233487215909 0.39799436975698
2 0.4786633508855646 0.5797926376426155 0.6601550986550071 0.5537994676600388
2 0.6794178355823863 0.6586404810837709 0.2655233487215909 0.39799436975698
2 0.4786633508855646 0.5797926376426155 0.6601550986550071 0.5537994676600388
2 0.6794178355823863 0.6586404810837709 0.2655233487215909 0.39799436975698
2 0.4786633508855646 0.5797926376426155 0.6601550986550071 0.5537994676600388
2 0.6794178355823863 0.6586404810837709 0.2655233487215909 0.39799436975698
2 0.4786633508855646 0.5797926376426155 0.6601550986550071 0.5537994676600388
2 0.6794178355823863 0.6586404810837709 0.2655233487215909 0.39799436975698
