8 0.43142472700639206 0.4965950335309805 0.4633682528409091 0.6865501299581892
4 0.43142472700639206 0.4965950335309805 0.4633682528409091 0.6865501299581892
4 0.43142472700639206 0.4965950335309805 0.4633682528409091 0.6865501299581892
4 0.43142472700639206 0.4965950335309805 0.4633682528409091 0.6865501299581892
4 0.43142472700639206 0.4965950335309805 0.4633682528409091 0.6865501299581892
4 0.43142472700639206 0.4965950335309805 0.4633682528409091 0.6865501299581892
4 0.43142472700639206 0.4965950335309805 0.4633682528409091 0.6865501299581892
4 0.43142472700639206 0.4965950335309805 0.4633682528409091 0.6865501299581892
4 0.43142472700639206 0.4965950335309805 0.4633682528409091 0.6865501299581892
4 0.43142472700639206 0.4965950335309805 0.4633682528409091 0.6865501299581892
