4 0.4755245554716067 0.46125293913341703 0.9150942519195098 0.6025425946270978
2 0.4755245554716067 0.46125293913341703 0.9150942519195098 0.6025425946270978
2 0.4755245554716067 0.46125293913341703 0.9150942519195098 0.6025425946270978
2 0.4755245554716067 0.46125293913341703 0.9150942519195098 0.6025425946270978
2 0.4755245554716067 0.46125293913341703 0.9150942519195098 0.6025425946270978
2 0.4755245554716067 0.46125293913341703 0.9150942519195098 0.6025425946270978
2 0.4755245554716067 0.46125293913341703 0.9150942519195098 0.6025425946270978
2 0.4755245554716067 0.46125293913341703 0.9150942519195098 0.6025425946270978
2 0.4755245554716067 0.46125293913341703 0.9150942519195098 0.6025425946270978
2 0.4755245554716067 0.46125293913341703 0.9150942519195098 0.6025425946270978
