4 0.5762085547814002 0.4935338200749578 0.8363671774392599 0.6122235272381756
2 0.5762085547814002 0.4935338200749578 0.8363671774392599 0.6122235272381756
2 0.5762085547814002 0.4935338200749578 0.8363671774392599 0.6122235272381756
2 0.5762085547814002 0.4935338200749578 0.8363671774392599 0.6122235272381756
2 0.5762085547814002 0.4935338200749578 0.8363671774392599 0.6122235272381756
2 0.5762085547814002 0.4935338200749578 0.8363671774392599 0.6122235272381756
2 0.5762085547814002 0.4935338200749578 0.8363671774392599 0.6122235272381756
2 0.5762085547814002 0.4935338200749578 0.8363671774392599 0.6122235272381756
2 0.5762085547814002 0.4935338200749578 0.8363671774392599 0.6122235272381756
2 0.5762085547814002 0.4935338200749578 0.8363671774392599 0.6122235272381756
