0 0.22478543795072115 0.6969722793215797 0.17452461982650502 0.5488237199329195
4 0.49345100563904115 0.38744070700236727 0.9628446213776451 0.6774246976489112
0 0.22478543795072115 0.6969722793215797 0.17452461982650502 0.5488237199329195
2 0.49345100563904115 0.38744070700236727 0.9628446213776451 0.6774246976489112
0 0.22478543795072115 0.6969722793215797 0.17452461982650502 0.5488237199329195
2 0.49345100563904115 0.38744070700236727 0.9628446213776451 0.6774246976489112
0 0.22478543795072115 0.6969722793215797 0.17452461982650502 0.5488237199329195
2 0.49345100563904115 0.38744070700236727 0.9628446213776451 0.6774246976489112
0 0.22478543795072115 0.6969722793215797 0.17452461982650502 0.5488237199329195
2 0.49345100563904115 0.38744070700236727 0.9628446213776451 0.6774246976489112
0 0.22478543795072115 0.6969722793215797 0.17452461982650502 0.5488237199329195
2 0.49345100563904115 0.38744070700236727 0.9628446213776451 0.6774246976489112
0 0.22478543795072115 0.6969722793215797 0.17452461982650502 0.5488237199329195
2 0.49345100563904115 0.38744070700236727 0.9628446213776451 0.6774246976489112
0 0.22478543795072115 0.6969722793215797 0.17452461982650502 0.5488237199329195
2 0.49345100563904115 0.38744070700236727 0.9628446213776451 0.6774246976489112
0 0.22478543795072115 0.6969722793215797 0.17452461982650502 0.5488237199329195
2 0.49345100563904115 0.38744070700236727 0.9628446213776451 0.6774246976489112
0 0.22478543795072115 0.6969722793215797 0.17452461982650502 0.5488237199329195
2 0.49345100563904115 0.38744070700236727 0.9628446213776451 0.6774246976489112
