4 0.48990389188130695 0.5757864429837182 0.7938199424743653 0.7525143623352051
4 0.4720073731740316 0.4407133942558652 0.766730899810791 0.4788204147702172
2 0.48990389188130695 0.5757864429837182 0.7938199424743653 0.7525143623352051
2 0.4720073731740316 0.4407133942558652 0.766730899810791 0.4788204147702172
2 0.48990389188130695 0.5757864429837182 0.7938199424743653 0.7525143623352051
2 0.4720073731740316 0.4407133942558652 0.766730899810791 0.4788204147702172
2 0.48990389188130695 0.5757864429837182 0.7938199424743653 0.7525143623352051
2 0.4720073731740316 0.4407133942558652 0.766730899810791 0.4788204147702172
2 0.48990389188130695 0.5757864429837182 0.7938199424743653 0.7525143623352051
2 0.4720073731740316 0.4407133942558652 0.766730899810791 0.4788204147702172
2 0.48990389188130695 0.5757864429837182 0.7938199424743653 0.7525143623352051
2 0.4720073731740316 0.4407133942558652 0.766730899810791 0.4788204147702172
2 0.48990389188130695 0.5757864429837182 0.7938199424743653 0.7525143623352051
2 0.4720073731740316 0.4407133942558652 0.766730899810791 0.4788204147702172
2 0.48990389188130695 0.5757864429837182 0.7938199424743653 0.7525143623352051
2 0.4720073731740316 0.4407133942558652 0.766730899810791 0.4788204147702172
2 0.48990389188130695 0.5757864429837182 0.7938199424743653 0.7525143623352051
2 0.4720073731740316 0.4407133942558652 0.766730899810791 0.4788204147702172
2 0.48990389188130695 0.5757864429837182 0.7938199424743653 0.7525143623352051
2 0.4720073731740316 0.4407133942558652 0.766730899810791 0.4788204147702172
