4 0.5328502588338785 0.4207184206355702 0.8104480529998566 0.2086209167133678
2 0.5328502588338785 0.4207184206355702 0.8104480529998566 0.2086209167133678
2 0.5328502588338785 0.4207184206355702 0.8104480529998566 0.2086209167133678
2 0.5328502588338785 0.4207184206355702 0.8104480529998566 0.2086209167133678
2 0.5328502588338785 0.4207184206355702 0.8104480529998566 0.2086209167133678
2 0.5328502588338785 0.4207184206355702 0.8104480529998566 0.2086209167133678
2 0.5328502588338785 0.4207184206355702 0.8104480529998566 0.2086209167133678
2 0.5328502588338785 0.4207184206355702 0.8104480529998566 0.2086209167133678
2 0.5328502588338785 0.4207184206355702 0.8104480529998566 0.2086209167133678
2 0.5328502588338785 0.4207184206355702 0.8104480529998566 0.2086209167133678
