4 0.5050777129106299 0.48385277532395865 0.6899476194860146 0.8200632220222837
2 0.5050777129106299 0.48385277532395865 0.6899476194860146 0.8200632220222837
2 0.5050777129106299 0.48385277532395865 0.6899476194860146 0.8200632220222837
2 0.5050777129106299 0.48385277532395865 0.6899476194860146 0.8200632220222837
2 0.5050777129106299 0.48385277532395865 0.6899476194860146 0.8200632220222837
2 0.5050777129106299 0.48385277532395865 0.6899476194860146 0.8200632220222837
2 0.5050777129106299 0.48385277532395865 0.6899476194860146 0.8200632220222837
2 0.5050777129106299 0.48385277532395865 0.6899476194860146 0.8200632220222837
2 0.5050777129106299 0.48385277532395865 0.6899476194860146 0.8200632220222837
2 0.5050777129106299 0.48385277532395865 0.6899476194860146 0.8200632220222837
