4 0.4958552222460609 0.46316112069522636 0.8874551535455466 0.5083674486945657
2 0.4958552222460609 0.46316112069522636 0.8874551535455466 0.5083674486945657
2 0.4958552222460609 0.46316112069522636 0.8874551535455466 0.5083674486945657
2 0.4958552222460609 0.46316112069522636 0.8874551535455466 0.5083674486945657
2 0.4958552222460609 0.46316112069522636 0.8874551535455466 0.5083674486945657
2 0.4958552222460609 0.46316112069522636 0.8874551535455466 0.5083674486945657
2 0.4958552222460609 0.46316112069522636 0.8874551535455466 0.5083674486945657
2 0.4958552222460609 0.46316112069522636 0.8874551535455466 0.5083674486945657
2 0.4958552222460609 0.46316112069522636 0.8874551535455466 0.5083674486945657
2 0.4958552222460609 0.46316112069522636 0.8874551535455466 0.5083674486945657
