4 0.7200450067934783 0.5785614876520067 0.32609532589099083 0.18497825804210843
4 0.42678505122462246 0.3776898951757522 0.20572861381199048 0.09100434893653506
4 0.20037217921636574 0.47090298788888113 0.18666849806157243 0.08364913577125185
4 0.6744664935363973 0.27787851151965914 0.19754477408418689 0.08302279881068639
2 0.7200450067934783 0.5785614876520067 0.32609532589099083 0.18497825804210843
2 0.42678505122462246 0.3776898951757522 0.20572861381199048 0.09100434893653506
2 0.20037217921636574 0.47090298788888113 0.18666849806157243 0.08364913577125185
2 0.6744664935363973 0.27787851151965914 0.19754477408418689 0.08302279881068639
2 0.7200450067934783 0.5785614876520067 0.32609532589099083 0.18497825804210843
2 0.42678505122462246 0.3776898951757522 0.20572861381199048 0.09100434893653506
2 0.20037217921636574 0.47090298788888113 0.18666849806157243 0.08364913577125185
2 0.6744664935363973 0.27787851151965914 0.19754477408418689 0.08302279881068639
2 0.7200450067934783 0.5785614876520067 0.32609532589099083 0.18497825804210843
2 0.42678505122462246 0.3776898951757522 0.20572861381199048 0.09100434893653506
2 0.20037217921636574 0.47090298788888113 0.18666849806157243 0.08364913577125185
2 0.6744664935363973 0.27787851151965914 0.19754477408418689 0.08302279881068639
2 0.7200450067934783 0.5785614876520067 0.32609532589099083 0.18497825804210843
2 0.42678505122462246 0.3776898951757522 0.20572861381199048 0.09100434893653506
2 0.20037217921636574 0.47090298788888113 0.18666849806157243 0.08364913577125185
2 0.6744664935363973 0.27787851151965914 0.19754477408418689 0.08302279881068639
2 0.7200450067934783 0.5785614876520067 0.32609532589099083 0.18497825804210843
2 0.42678505122462246 0.3776898951757522 0.20572861381199048 0.09100434893653506
2 0.20037217921636574 0.47090298788888113 0.18666849806157243 0.08364913577125185
2 0.6744664935363973 0.27787851151965914 0.19754477408418689 0.08302279881068639
2 0.7200450067934783 0.5785614876520067 0.32609532589099083 0.18497825804210843
2 0.42678505122462246 0.3776898951757522 0.20572861381199048 0.09100434893653506
2 0.20037217921636574 0.47090298788888113 0.18666849806157243 0.08364913577125185
2 0.6744664935363973 0.27787851151965914 0.19754477408418689 0.08302279881068639
2 0.7200450067934783 0.5785614876520067 0.32609532589099083 0.18497825804210843
2 0.42678505122462246 0.3776898951757522 0.20572861381199048 0.09100434893653506
2 0.20037217921636574 0.47090298788888113 0.18666849806157243 0.08364913577125185
2 0.6744664935363973 0.27787851151965914 0.19754477408418689 0.08302279881068639
2 0.7200450067934783 0.5785614876520067 0.32609532589099083 0.18497825804210843
2 0.42678505122462246 0.3776898951757522 0.20572861381199048 0.09100434893653506
2 0.20037217921636574 0.47090298788888113 0.18666849806157243 0.08364913577125185
2 0.6744664935363973 0.27787851151965914 0.19754477408418689 0.08302279881068639
2 0.7200450067934783 0.5785614876520067 0.32609532589099083 0.18497825804210843
2 0.42678505122462246 0.3776898951757522 0.20572861381199048 0.09100434893653506
2 0.20037217921636574 0.47090298788888113 0.18666849806157243 0.08364913577125185
2 0.6744664935363973 0.27787851151965914 0.19754477408418689 0.08302279881068639
