4 0.786795728147242 0.3404349750942654 0.2883250823648799 0.28217622968885636
4 0.19286620319950198 0.6533844629923503 0.2841432035181446 0.25060530768500433
2 0.786795728147242 0.3404349750942654 0.2883250823648799 0.28217622968885636
2 0.19286620319950198 0.6533844629923503 0.2841432035181446 0.25060530768500433
2 0.786795728147242 0.3404349750942654 0.2883250823648799 0.28217622968885636
2 0.19286620319950198 0.6533844629923503 0.2841432035181446 0.25060530768500433
2 0.786795728147242 0.3404349750942654 0.2883250823648799 0.28217622968885636
2 0.19286620319950198 0.6533844629923503 0.2841432035181446 0.25060530768500433
2 0.786795728147242 0.3404349750942654 0.2883250823648799 0.28217622968885636
2 0.19286620319950198 0.6533844629923503 0.2841432035181446 0.25060530768500433
2 0.786795728147242 0.3404349750942654 0.2883250823648799 0.28217622968885636
2 0.19286620319950198 0.6533844629923503 0.2841432035181446 0.25060530768500433
2 0.786795728147242 0.3404349750942654 0.2883250823648799 0.28217622968885636
2 0.19286620319950198 0.6533844629923503 0.2841432035181446 0.25060530768500433
2 0.786795728147242 0.3404349750942654 0.2883250823648799 0.28217622968885636
2 0.19286620319950198 0.6533844629923503 0.2841432035181446 0.25060530768500433
2 0.786795728147242 0.3404349750942654 0.2883250823648799 0.28217622968885636
2 0.19286620319950198 0.6533844629923503 0.2841432035181446 0.25060530768500433
2 0.786795728147242 0.3404349750942654 0.2883250823648799 0.28217622968885636
2 0.19286620319950198 0.6533844629923503 0.2841432035181446 0.25060530768500433
