4 0.7687894786487927 0.5148794455606429 0.42418440385298295 0.241638600500555
4 0.2642602487043901 0.43904025176835193 0.4237263731522994 0.24784286165497993
4 0.2349011785333807 0.6704571416469219 0.41112992720170455 0.25759779299543206
2 0.7687894786487927 0.5148794455606429 0.42418440385298295 0.241638600500555
2 0.2642602487043901 0.43904025176835193 0.4237263731522994 0.24784286165497993
2 0.2349011785333807 0.6704571416469219 0.41112992720170455 0.25759779299543206
2 0.7687894786487927 0.5148794455606429 0.42418440385298295 0.241638600500555
2 0.2642602487043901 0.43904025176835193 0.4237263731522994 0.24784286165497993
2 0.2349011785333807 0.6704571416469219 0.41112992720170455 0.25759779299543206
2 0.7687894786487927 0.5148794455606429 0.42418440385298295 0.241638600500555
2 0.2642602487043901 0.43904025176835193 0.4237263731522994 0.24784286165497993
2 0.2349011785333807 0.6704571416469219 0.41112992720170455 0.25759779299543206
2 0.7687894786487927 0.5148794455606429 0.42418440385298295 0.241638600500555
2 0.2642602487043901 0.43904025176835193 0.4237263731522994 0.24784286165497993
2 0.2349011785333807 0.6704571416469219 0.41112992720170455 0.25759779299543206
2 0.7687894786487927 0.5148794455606429 0.42418440385298295 0.241638600500555
2 0.2642602487043901 0.43904025176835193 0.4237263731522994 0.24784286165497993
2 0.2349011785333807 0.6704571416469219 0.41112992720170455 0.25759779299543206
2 0.7687894786487927 0.5148794455606429 0.42418440385298295 0.241638600500555
2 0.2642602487043901 0.43904025176835193 0.4237263731522994 0.24784286165497993
2 0.2349011785333807 0.6704571416469219 0.41112992720170455 0.25759779299543206
2 0.7687894786487927 0.5148794455606429 0.42418440385298295 0.241638600500555
2 0.2642602487043901 0.43904025176835193 0.4237263731522994 0.24784286165497993
2 0.2349011785333807 0.6704571416469219 0.41112992720170455 0.25759779299543206
2 0.7687894786487927 0.5148794455606429 0.42418440385298295 0.241638600500555
2 0.2642602487043901 0.43904025176835193 0.4237263731522994 0.24784286165497993
2 0.2349011785333807 0.6704571416469219 0.41112992720170455 0.25759779299543206
2 0.7687894786487927 0.5148794455606429 0.42418440385298295 0.241638600500555
2 0.2642602487043901 0.43904025176835193 0.4237263731522994 0.24784286165497993
2 0.2349011785333807 0.6704571416469219 0.41112992720170455 0.25759779299543206
