2 0.03518063762913579 0.6755318381569603 0.06945437866708506 0.059177884188565344
2 0.9114232934039572 0.6308131478049538 0.07517242431640625 0.03985921686345881
1 0.03518063762913579 0.6755318381569603 0.06945437866708506 0.059177884188565344
1 0.9114232934039572 0.6308131478049538 0.07517242431640625 0.03985921686345881
1 0.03518063762913579 0.6755318381569603 0.06945437866708506 0.059177884188565344
1 0.9114232934039572 0.6308131478049538 0.07517242431640625 0.03985921686345881
1 0.03518063762913579 0.6755318381569603 0.06945437866708506 0.059177884188565344
1 0.9114232934039572 0.6308131478049538 0.07517242431640625 0.03985921686345881
1 0.03518063762913579 0.6755318381569603 0.06945437866708506 0.059177884188565344
1 0.9114232934039572 0.6308131478049538 0.07517242431640625 0.03985921686345881
1 0.03518063762913579 0.6755318381569603 0.06945437866708506 0.059177884188565344
1 0.9114232934039572 0.6308131478049538 0.07517242431640625 0.03985921686345881
1 0.03518063762913579 0.6755318381569603 0.06945437866708506 0.059177884188565344
1 0.9114232934039572 0.6308131478049538 0.07517242431640625 0.03985921686345881
1 0.03518063762913579 0.6755318381569603 0.06945437866708506 0.059177884188565344
1 0.9114232934039572 0.6308131478049538 0.07517242431640625 0.03985921686345881
1 0.03518063762913579 0.6755318381569603 0.06945437866708506 0.059177884188565344
1 0.9114232934039572 0.6308131478049538 0.07517242431640625 0.03985921686345881
1 0.03518063762913579 0.6755318381569603 0.06945437866708506 0.059177884188565344
1 0.9114232934039572 0.6308131478049538 0.07517242431640625 0.03985921686345881
