2 0.5513107912197559 0.6994044894263858 0.029463598959422032 0.04813394092378162
1 0.5513107912197559 0.6994044894263858 0.029463598959422032 0.04813394092378162
1 0.5513107912197559 0.6994044894263858 0.029463598959422032 0.04813394092378162
1 0.5513107912197559 0.6994044894263858 0.029463598959422032 0.04813394092378162
1 0.5513107912197559 0.6994044894263858 0.029463598959422032 0.04813394092378162
1 0.5513107912197559 0.6994044894263858 0.029463598959422032 0.04813394092378162
1 0.5513107912197559 0.6994044894263858 0.029463598959422032 0.04813394092378162
1 0.5513107912197559 0.6994044894263858 0.029463598959422032 0.04813394092378162
1 0.5513107912197559 0.6994044894263858 0.029463598959422032 0.04813394092378162
1 0.5513107912197559 0.6994044894263858 0.029463598959422032 0.04813394092378162
