2 0.5015113861834417 0.6960945545543323 0.8744079610689091 0.4584057062322443
1 0.5015113861834417 0.6960945545543323 0.8744079610689091 0.4584057062322443
1 0.5015113861834417 0.6960945545543323 0.8744079610689091 0.4584057062322443
1 0.5015113861834417 0.6960945545543323 0.8744079610689091 0.4584057062322443
1 0.5015113861834417 0.6960945545543323 0.8744079610689091 0.4584057062322443
1 0.5015113861834417 0.6960945545543323 0.8744079610689091 0.4584057062322443
1 0.5015113861834417 0.6960945545543323 0.8744079610689091 0.4584057062322443
1 0.5015113861834417 0.6960945545543323 0.8744079610689091 0.4584057062322443
1 0.5015113861834417 0.6960945545543323 0.8744079610689091 0.4584057062322443
1 0.5015113861834417 0.6960945545543323 0.8744079610689091 0.4584057062322443
