2 0.2001693301148467 0.7567417775984291 0.3453625532296988 0.3062241917891468
1 0.2001693301148467 0.7567417775984291 0.3453625532296988 0.3062241917891468
1 0.2001693301148467 0.7567417775984291 0.3453625532296988 0.3062241917891468
1 0.2001693301148467 0.7567417775984291 0.3453625532296988 0.3062241917891468
1 0.2001693301148467 0.7567417775984291 0.3453625532296988 0.3062241917891468
1 0.2001693301148467 0.7567417775984291 0.3453625532296988 0.3062241917891468
1 0.2001693301148467 0.7567417775984291 0.3453625532296988 0.3062241917891468
1 0.2001693301148467 0.7567417775984291 0.3453625532296988 0.3062241917891468
1 0.2001693301148467 0.7567417775984291 0.3453625532296988 0.3062241917891468
1 0.2001693301148467 0.7567417775984291 0.3453625532296988 0.3062241917891468
