2 0.1837182762630807 0.6120331855047316 0.1033056635521726 0.08607487451462519
2 0.35367247412435987 0.5725450969877697 0.04155427556372805 0.03589021591913132
1 0.1837182762630807 0.6120331855047316 0.1033056635521726 0.08607487451462519
1 0.35367247412435987 0.5725450969877697 0.04155427556372805 0.03589021591913132
1 0.1837182762630807 0.6120331855047316 0.1033056635521726 0.08607487451462519
1 0.35367247412435987 0.5725450969877697 0.04155427556372805 0.03589021591913132
1 0.1837182762630807 0.6120331855047316 0.1033056635521726 0.08607487451462519
1 0.35367247412435987 0.5725450969877697 0.04155427556372805 0.03589021591913132
1 0.1837182762630807 0.6120331855047316 0.1033056635521726 0.08607487451462519
1 0.35367247412435987 0.5725450969877697 0.04155427556372805 0.03589021591913132
1 0.1837182762630807 0.6120331855047316 0.1033056635521726 0.08607487451462519
1 0.35367247412435987 0.5725450969877697 0.04155427556372805 0.03589021591913132
1 0.1837182762630807 0.6120331855047316 0.1033056635521726 0.08607487451462519
1 0.35367247412435987 0.5725450969877697 0.04155427556372805 0.03589021591913132
1 0.1837182762630807 0.6120331855047316 0.1033056635521726 0.08607487451462519
1 0.35367247412435987 0.5725450969877697 0.04155427556372805 0.03589021591913132
1 0.1837182762630807 0.6120331855047316 0.1033056635521726 0.08607487451462519
1 0.35367247412435987 0.5725450969877697 0.04155427556372805 0.03589021591913132
1 0.1837182762630807 0.6120331855047316 0.1033056635521726 0.08607487451462519
1 0.35367247412435987 0.5725450969877697 0.04155427556372805 0.03589021591913132
