2 0.13933033448345256 0.8967721236379523 0.2782300850130477 0.19280058208264803
2 0.01973950446776624 0.6876500581440173 0.037634722016892344 0.03620838366056743
2 0.0791607029033157 0.6765155792236328 0.05858471348600568 0.05079654894377056
1 0.13933033448345256 0.8967721236379523 0.2782300850130477 0.19280058208264803
1 0.01973950446776624 0.6876500581440173 0.037634722016892344 0.03620838366056743
1 0.0791607029033157 0.6765155792236328 0.05858471348600568 0.05079654894377056
1 0.13933033448345256 0.8967721236379523 0.2782300850130477 0.19280058208264803
1 0.01973950446776624 0.6876500581440173 0.037634722016892344 0.03620838366056743
1 0.0791607029033157 0.6765155792236328 0.05858471348600568 0.05079654894377056
1 0.13933033448345256 0.8967721236379523 0.2782300850130477 0.19280058208264803
1 0.01973950446776624 0.6876500581440173 0.037634722016892344 0.03620838366056743
1 0.0791607029033157 0.6765155792236328 0.05858471348600568 0.05079654894377056
1 0.13933033448345256 0.8967721236379523 0.2782300850130477 0.19280058208264803
1 0.01973950446776624 0.6876500581440173 0.037634722016892344 0.03620838366056743
1 0.0791607029033157 0.6765155792236328 0.05858471348600568 0.05079654894377056
1 0.13933033448345256 0.8967721236379523 0.2782300850130477 0.19280058208264803
1 0.01973950446776624 0.6876500581440173 0.037634722016892344 0.03620838366056743
1 0.0791607029033157 0.6765155792236328 0.05858471348600568 0.05079654894377056
1 0.13933033448345256 0.8967721236379523 0.2782300850130477 0.19280058208264803
1 0.01973950446776624 0.6876500581440173 0.037634722016892344 0.03620838366056743
1 0.0791607029033157 0.6765155792236328 0.05858471348600568 0.05079654894377056
1 0.13933033448345256 0.8967721236379523 0.2782300850130477 0.19280058208264803
1 0.01973950446776624 0.6876500581440173 0.037634722016892344 0.03620838366056743
1 0.0791607029033157 0.6765155792236328 0.05858471348600568 0.05079654894377056
1 0.13933033448345256 0.8967721236379523 0.2782300850130477 0.19280058208264803
1 0.01973950446776624 0.6876500581440173 0.037634722016892344 0.03620838366056743
1 0.0791607029033157 0.6765155792236328 0.05858471348600568 0.05079654894377056
1 0.13933033448345256 0.8967721236379523 0.2782300850130477 0.19280058208264803
1 0.01973950446776624 0.6876500581440173 0.037634722016892344 0.03620838366056743
1 0.0791607029033157 0.6765155792236328 0.05858471348600568 0.05079654894377056
