0 0.6102308909098307 0.795216197059268 0.11782699584960937 0.40617288861955914
0 0.6102308909098307 0.795216197059268 0.11782699584960937 0.40617288861955914
0 0.6102308909098307 0.795216197059268 0.11782699584960937 0.40617288861955914
0 0.6102308909098307 0.795216197059268 0.11782699584960937 0.40617288861955914
0 0.6102308909098307 0.795216197059268 0.11782699584960937 0.40617288861955914
0 0.6102308909098307 0.795216197059268 0.11782699584960937 0.40617288861955914
0 0.6102308909098307 0.795216197059268 0.11782699584960937 0.40617288861955914
0 0.6102308909098307 0.795216197059268 0.11782699584960937 0.40617288861955914
0 0.6102308909098307 0.795216197059268 0.11782699584960937 0.40617288861955914
0 0.6102308909098307 0.795216197059268 0.11782699584960937 0.40617288861955914
