2 0.6599001015994147 0.663242803143628 0.11109793227153136 0.11474441792923591
2 0.5026075225515464 0.6710802861031769 0.07079448896585051 0.11063138046705653
1 0.6599001015994147 0.663242803143628 0.11109793227153136 0.11474441792923591
1 0.5026075225515464 0.6710802861031769 0.07079448896585051 0.11063138046705653
1 0.6599001015994147 0.663242803143628 0.11109793227153136 0.11474441792923591
1 0.5026075225515464 0.6710802861031769 0.07079448896585051 0.11063138046705653
1 0.6599001015994147 0.663242803143628 0.11109793227153136 0.11474441792923591
1 0.5026075225515464 0.6710802861031769 0.07079448896585051 0.11063138046705653
1 0.6599001015994147 0.663242803143628 0.11109793227153136 0.11474441792923591
1 0.5026075225515464 0.6710802861031769 0.07079448896585051 0.11063138046705653
1 0.6599001015994147 0.663242803143628 0.11109793227153136 0.11474441792923591
1 0.5026075225515464 0.6710802861031769 0.07079448896585051 0.11063138046705653
1 0.6599001015994147 0.663242803143628 0.11109793227153136 0.11474441792923591
1 0.5026075225515464 0.6710802861031769 0.07079448896585051 0.11063138046705653
1 0.6599001015994147 0.663242803143628 0.11109793227153136 0.11474441792923591
1 0.5026075225515464 0.6710802861031769 0.07079448896585051 0.11063138046705653
1 0.6599001015994147 0.663242803143628 0.11109793227153136 0.11474441792923591
1 0.5026075225515464 0.6710802861031769 0.07079448896585051 0.11063138046705653
1 0.6599001015994147 0.663242803143628 0.11109793227153136 0.11474441792923591
1 0.5026075225515464 0.6710802861031769 0.07079448896585051 0.11063138046705653
