2 0.40376738908225923 0.8188345772879464 0.13336490378769456 0.1662477765764509
2 0.31393491989907585 0.7579011333232023 0.0552353914609679 0.06065890253806601
2 0.05507751475976135 0.8229007720947266 0.10154923947404795 0.10457073912328603
2 0.11773612248758397 0.7901047687141263 0.052483874072360624 0.06736381686463648
2 0.6232595183969936 0.8885263326216717 0.3735049355354754 0.21663875969088808
2 0.15445024215757616 0.761814934866769 0.05465343490184977 0.06791103129484216
2 0.1222892902240679 0.7827856881277901 0.062119606403989086 0.07793706777144452
1 0.40376738908225923 0.8188345772879464 0.13336490378769456 0.1662477765764509
1 0.31393491989907585 0.7579011333232023 0.0552353914609679 0.06065890253806601
1 0.05507751475976135 0.8229007720947266 0.10154923947404795 0.10457073912328603
1 0.11773612248758397 0.7901047687141263 0.052483874072360624 0.06736381686463648
1 0.6232595183969936 0.8885263326216717 0.3735049355354754 0.21663875969088808
1 0.15445024215757616 0.761814934866769 0.05465343490184977 0.06791103129484216
1 0.1222892902240679 0.7827856881277901 0.062119606403989086 0.07793706777144452
1 0.40376738908225923 0.8188345772879464 0.13336490378769456 0.1662477765764509
1 0.31393491989907585 0.7579011333232023 0.0552353914609679 0.06065890253806601
1 0.05507751475976135 0.8229007720947266 0.10154923947404795 0.10457073912328603
1 0.11773612248758397 0.7901047687141263 0.052483874072360624 0.06736381686463648
1 0.6232595183969936 0.8885263326216717 0.3735049355354754 0.21663875969088808
1 0.15445024215757616 0.761814934866769 0.05465343490184977 0.06791103129484216
1 0.1222892902240679 0.7827856881277901 0.062119606403989086 0.07793706777144452
1 0.40376738908225923 0.8188345772879464 0.13336490378769456 0.1662477765764509
1 0.31393491989907585 0.7579011333232023 0.0552353914609679 0.06065890253806601
1 0.05507751475976135 0.8229007720947266 0.10154923947404795 0.10457073912328603
1 0.11773612248758397 0.7901047687141263 0.052483874072360624 0.06736381686463648
1 0.6232595183969936 0.8885263326216717 0.3735049355354754 0.21663875969088808
1 0.15445024215757616 0.761814934866769 0.05465343490184977 0.06791103129484216
1 0.1222892902240679 0.7827856881277901 0.062119606403989086 0.07793706777144452
1 0.40376738908225923 0.8188345772879464 0.13336490378769456 0.1662477765764509
1 0.31393491989907585 0.7579011333232023 0.0552353914609679 0.06065890253806601
1 0.05507751475976135 0.8229007720947266 0.10154923947404795 0.10457073912328603
1 0.11773612248758397 0.7901047687141263 0.052483874072360624 0.06736381686463648
1 0.6232595183969936 0.8885263326216717 0.3735049355354754 0.21663875969088808
1 0.15445024215757616 0.761814934866769 0.05465343490184977 0.06791103129484216
1 0.1222892902240679 0.7827856881277901 0.062119606403989086 0.07793706777144452
1 0.40376738908225923 0.8188345772879464 0.13336490378769456 0.1662477765764509
1 0.31393491989907585 0.7579011333232023 0.0552353914609679 0.06065890253806601
1 0.05507751475976135 0.8229007720947266 0.10154923947404795 0.10457073912328603
1 0.11773612248758397 0.7901047687141263 0.052483874072360624 0.06736381686463648
1 0.6232595183969936 0.8885263326216717 0.3735049355354754 0.21663875969088808
1 0.15445024215757616 0.761814934866769 0.05465343490184977 0.06791103129484216
1 0.1222892902240679 0.7827856881277901 0.062119606403989086 0.07793706777144452
1 0.40376738908225923 0.8188345772879464 0.13336490378769456 0.1662477765764509
1 0.31393491989907585 0.7579011333232023 0.0552353914609679 0.06065890253806601
1 0.05507751475976135 0.8229007720947266 0.10154923947404795 0.10457073912328603
1 0.11773612248758397 0.7901047687141263 0.052483874072360624 0.06736381686463648
1 0.6232595183969936 0.8885263326216717 0.3735049355354754 0.21663875969088808
1 0.15445024215757616 0.761814934866769 0.05465343490184977 0.06791103129484216
1 0.1222892902240679 0.7827856881277901 0.062119606403989086 0.07793706777144452
1 0.40376738908225923 0.8188345772879464 0.13336490378769456 0.1662477765764509
1 0.31393491989907585 0.7579011333232023 0.0552353914609679 0.06065890253806601
1 0.05507751475976135 0.8229007720947266 0.10154923947404795 0.10457073912328603
1 0.11773612248758397 0.7901047687141263 0.052483874072360624 0.06736381686463648
1 0.6232595183969936 0.8885263326216717 0.3735049355354754 0.21663875969088808
1 0.15445024215757616 0.761814934866769 0.05465343490184977 0.06791103129484216
1 0.1222892902240679 0.7827856881277901 0.062119606403989086 0.07793706777144452
1 0.40376738908225923 0.8188345772879464 0.13336490378769456 0.1662477765764509
1 0.31393491989907585 0.7579011333232023 0.0552353914609679 0.06065890253806601
1 0.05507751475976135 0.8229007720947266 0.10154923947404795 0.10457073912328603
1 0.11773612248758397 0.7901047687141263 0.052483874072360624 0.06736381686463648
1 0.6232595183969936 0.8885263326216717 0.3735049355354754 0.21663875969088808
1 0.15445024215757616 0.761814934866769 0.05465343490184977 0.06791103129484216
1 0.1222892902240679 0.7827856881277901 0.062119606403989086 0.07793706777144452
1 0.40376738908225923 0.8188345772879464 0.13336490378769456 0.1662477765764509
1 0.31393491989907585 0.7579011333232023 0.0552353914609679 0.06065890253806601
1 0.05507751475976135 0.8229007720947266 0.10154923947404795 0.10457073912328603
1 0.11773612248758397 0.7901047687141263 0.052483874072360624 0.06736381686463648
1 0.6232595183969936 0.8885263326216717 0.3735049355354754 0.21663875969088808
1 0.15445024215757616 0.761814934866769 0.05465343490184977 0.06791103129484216
1 0.1222892902240679 0.7827856881277901 0.062119606403989086 0.07793706777144452
