2 0.6762188998135653 0.8178818082548881 0.18942699085582387 0.2281741783267162
2 0.501986708207564 0.8070532793555755 0.1628969227183949 0.2521330619770321
2 0.31057192715731535 0.8076440779889216 0.19679881702769886 0.2399631354326759
1 0.6762188998135653 0.8178818082548881 0.18942699085582387 0.2281741783267162
1 0.501986708207564 0.8070532793555755 0.1628969227183949 0.2521330619770321
1 0.31057192715731535 0.8076440779889216 0.19679881702769886 0.2399631354326759
1 0.6762188998135653 0.8178818082548881 0.18942699085582387 0.2281741783267162
1 0.501986708207564 0.8070532793555755 0.1628969227183949 0.2521330619770321
1 0.31057192715731535 0.8076440779889216 0.19679881702769886 0.2399631354326759
1 0.6762188998135653 0.8178818082548881 0.18942699085582387 0.2281741783267162
1 0.501986708207564 0.8070532793555755 0.1628969227183949 0.2521330619770321
1 0.31057192715731535 0.8076440779889216 0.19679881702769886 0.2399631354326759
1 0.6762188998135653 0.8178818082548881 0.18942699085582387 0.2281741783267162
1 0.501986708207564 0.8070532793555755 0.1628969227183949 0.2521330619770321
1 0.31057192715731535 0.8076440779889216 0.19679881702769886 0.2399631354326759
1 0.6762188998135653 0.8178818082548881 0.18942699085582387 0.2281741783267162
1 0.501986708207564 0.8070532793555755 0.1628969227183949 0.2521330619770321
1 0.31057192715731535 0.8076440779889216 0.19679881702769886 0.2399631354326759
1 0.6762188998135653 0.8178818082548881 0.18942699085582387 0.2281741783267162
1 0.501986708207564 0.8070532793555755 0.1628969227183949 0.2521330619770321
1 0.31057192715731535 0.8076440779889216 0.19679881702769886 0.2399631354326759
1 0.6762188998135653 0.8178818082548881 0.18942699085582387 0.2281741783267162
1 0.501986708207564 0.8070532793555755 0.1628969227183949 0.2521330619770321
1 0.31057192715731535 0.8076440779889216 0.19679881702769886 0.2399631354326759
1 0.6762188998135653 0.8178818082548881 0.18942699085582387 0.2281741783267162
1 0.501986708207564 0.8070532793555755 0.1628969227183949 0.2521330619770321
1 0.31057192715731535 0.8076440779889216 0.19679881702769886 0.2399631354326759
1 0.6762188998135653 0.8178818082548881 0.18942699085582387 0.2281741783267162
1 0.501986708207564 0.8070532793555755 0.1628969227183949 0.2521330619770321
1 0.31057192715731535 0.8076440779889216 0.19679881702769886 0.2399631354326759
