2 0.13513769468756667 0.6842383229455282 0.042896934743627345 0.053295091141101925
1 0.13513769468756667 0.6842383229455282 0.042896934743627345 0.053295091141101925
1 0.13513769468756667 0.6842383229455282 0.042896934743627345 0.053295091141101925
1 0.13513769468756667 0.6842383229455282 0.042896934743627345 0.053295091141101925
1 0.13513769468756667 0.6842383229455282 0.042896934743627345 0.053295091141101925
1 0.13513769468756667 0.6842383229455282 0.042896934743627345 0.053295091141101925
1 0.13513769468756667 0.6842383229455282 0.042896934743627345 0.053295091141101925
1 0.13513769468756667 0.6842383229455282 0.042896934743627345 0.053295091141101925
1 0.13513769468756667 0.6842383229455282 0.042896934743627345 0.053295091141101925
1 0.13513769468756667 0.6842383229455282 0.042896934743627345 0.053295091141101925
