2 0.9679314272247092 0.8620457441910453 0.053490520393761405 0.23621525971785837
1 0.9679314272247092 0.8620457441910453 0.053490520393761405 0.23621525971785837
1 0.9679314272247092 0.8620457441910453 0.053490520393761405 0.23621525971785837
1 0.9679314272247092 0.8620457441910453 0.053490520393761405 0.23621525971785837
1 0.9679314272247092 0.8620457441910453 0.053490520393761405 0.23621525971785837
1 0.9679314272247092 0.8620457441910453 0.053490520393761405 0.23621525971785837
1 0.9679314272247092 0.8620457441910453 0.053490520393761405 0.23621525971785837
1 0.9679314272247092 0.8620457441910453 0.053490520393761405 0.23621525971785837
1 0.9679314272247092 0.8620457441910453 0.053490520393761405 0.23621525971785837
1 0.9679314272247092 0.8620457441910453 0.053490520393761405 0.23621525971785837
