2 0.3363424623516244 0.6368983640509137 0.06155376702966824 0.09351137667725988
2 0.39626508363535706 0.5788334991972325 0.031377067028636664 0.034584260929775776
1 0.3363424623516244 0.6368983640509137 0.06155376702966824 0.09351137667725988
1 0.39626508363535706 0.5788334991972325 0.031377067028636664 0.034584260929775776
1 0.3363424623516244 0.6368983640509137 0.06155376702966824 0.09351137667725988
1 0.39626508363535706 0.5788334991972325 0.031377067028636664 0.034584260929775776
1 0.3363424623516244 0.6368983640509137 0.06155376702966824 0.09351137667725988
1 0.39626508363535706 0.5788334991972325 0.031377067028636664 0.034584260929775776
1 0.3363424623516244 0.6368983640509137 0.06155376702966824 0.09351137667725988
1 0.39626508363535706 0.5788334991972325 0.031377067028636664 0.034584260929775776
1 0.3363424623516244 0.6368983640509137 0.06155376702966824 0.09351137667725988
1 0.39626508363535706 0.5788334991972325 0.031377067028636664 0.034584260929775776
1 0.3363424623516244 0.6368983640509137 0.06155376702966824 0.09351137667725988
1 0.39626508363535706 0.5788334991972325 0.031377067028636664 0.034584260929775776
1 0.3363424623516244 0.6368983640509137 0.06155376702966824 0.09351137667725988
1 0.39626508363535706 0.5788334991972325 0.031377067028636664 0.034584260929775776
1 0.3363424623516244 0.6368983640509137 0.06155376702966824 0.09351137667725988
1 0.39626508363535706 0.5788334991972325 0.031377067028636664 0.034584260929775776
1 0.3363424623516244 0.6368983640509137 0.06155376702966824 0.09351137667725988
1 0.39626508363535706 0.5788334991972325 0.031377067028636664 0.034584260929775776
