2 0.4995142535976944 0.6412441672348395 0.15170019690299266 0.17366627949040112
2 0.4572024143479934 0.6056740691022175 0.09998873235348381 0.12834711772639576
2 0.3671579267768984 0.627892075515375 0.058071521672053136 0.0948871984714415
2 0.12412686301364961 0.47453929156791874 0.07295364976317564 0.07854410497153677
2 0.022501213931105424 0.4511830399676067 0.04500242786221085 0.0748674346179497
2 0.6013960947042956 0.6297588813595656 0.09935589023055781 0.14828937809641768
2 0.10011352079310712 0.47472714214790157 0.12168218879823964 0.07988362196015149
1 0.4995142535976944 0.6412441672348395 0.15170019690299266 0.17366627949040112
1 0.4572024143479934 0.6056740691022175 0.09998873235348381 0.12834711772639576
1 0.3671579267768984 0.627892075515375 0.058071521672053136 0.0948871984714415
1 0.12412686301364961 0.47453929156791874 0.07295364976317564 0.07854410497153677
1 0.022501213931105424 0.4511830399676067 0.04500242786221085 0.0748674346179497
1 0.6013960947042956 0.6297588813595656 0.09935589023055781 0.14828937809641768
1 0.10011352079310712 0.47472714214790157 0.12168218879823964 0.07988362196015149
1 0.4995142535976944 0.6412441672348395 0.15170019690299266 0.17366627949040112
1 0.4572024143479934 0.6056740691022175 0.09998873235348381 0.12834711772639576
1 0.3671579267768984 0.627892075515375 0.058071521672053136 0.0948871984714415
1 0.12412686301364961 0.47453929156791874 0.07295364976317564 0.07854410497153677
1 0.022501213931105424 0.4511830399676067 0.04500242786221085 0.0748674346179497
1 0.6013960947042956 0.6297588813595656 0.09935589023055781 0.14828937809641768
1 0.10011352079310712 0.47472714214790157 0.12168218879823964 0.07988362196015149
1 0.4995142535976944 0.6412441672348395 0.15170019690299266 0.17366627949040112
1 0.4572024143479934 0.6056740691022175 0.09998873235348381 0.12834711772639576
1 0.3671579267768984 0.627892075515375 0.058071521672053136 0.0948871984714415
1 0.12412686301364961 0.47453929156791874 0.07295364976317564 0.07854410497153677
1 0.022501213931105424 0.4511830399676067 0.04500242786221085 0.0748674346179497
1 0.6013960947042956 0.6297588813595656 0.09935589023055781 0.14828937809641768
1 0.10011352079310712 0.47472714214790157 0.12168218879823964 0.07988362196015149
1 0.4995142535976944 0.6412441672348395 0.15170019690299266 0.17366627949040112
1 0.4572024143479934 0.6056740691022175 0.09998873235348381 0.12834711772639576
1 0.3671579267768984 0.627892075515375 0.058071521672053136 0.0948871984714415
1 0.12412686301364961 0.47453929156791874 0.07295364976317564 0.07854410497153677
1 0.022501213931105424 0.4511830399676067 0.04500242786221085 0.0748674346179497
1 0.6013960947042956 0.6297588813595656 0.09935589023055781 0.14828937809641768
1 0.10011352079310712 0.47472714214790157 0.12168218879823964 0.07988362196015149
1 0.4995142535976944 0.6412441672348395 0.15170019690299266 0.17366627949040112
1 0.4572024143479934 0.6056740691022175 0.09998873235348381 0.12834711772639576
1 0.3671579267768984 0.627892075515375 0.058071521672053136 0.0948871984714415
1 0.12412686301364961 0.47453929156791874 0.07295364976317564 0.07854410497153677
1 0.022501213931105424 0.4511830399676067 0.04500242786221085 0.0748674346179497
1 0.6013960947042956 0.6297588813595656 0.09935589023055781 0.14828937809641768
1 0.10011352079310712 0.47472714214790157 0.12168218879823964 0.07988362196015149
1 0.4995142535976944 0.6412441672348395 0.15170019690299266 0.17366627949040112
1 0.4572024143479934 0.6056740691022175 0.09998873235348381 0.12834711772639576
1 0.3671579267768984 0.627892075515375 0.058071521672053136 0.0948871984714415
1 0.12412686301364961 0.47453929156791874 0.07295364976317564 0.07854410497153677
1 0.022501213931105424 0.4511830399676067 0.04500242786221085 0.0748674346179497
1 0.6013960947042956 0.6297588813595656 0.09935589023055781 0.14828937809641768
1 0.10011352079310712 0.47472714214790157 0.12168218879823964 0.07988362196015149
1 0.4995142535976944 0.6412441672348395 0.15170019690299266 0.17366627949040112
1 0.4572024143479934 0.6056740691022175 0.09998873235348381 0.12834711772639576
1 0.3671579267768984 0.627892075515375 0.058071521672053136 0.0948871984714415
1 0.12412686301364961 0.47453929156791874 0.07295364976317564 0.07854410497153677
1 0.022501213931105424 0.4511830399676067 0.04500242786221085 0.0748674346179497
1 0.6013960947042956 0.6297588813595656 0.09935589023055781 0.14828937809641768
1 0.10011352079310712 0.47472714214790157 0.12168218879823964 0.07988362196015149
1 0.4995142535976944 0.6412441672348395 0.15170019690299266 0.17366627949040112
1 0.4572024143479934 0.6056740691022175 0.09998873235348381 0.12834711772639576
1 0.3671579267768984 0.627892075515375 0.058071521672053136 0.0948871984714415
1 0.12412686301364961 0.47453929156791874 0.07295364976317564 0.07854410497153677
1 0.022501213931105424 0.4511830399676067 0.04500242786221085 0.0748674346179497
1 0.6013960947042956 0.6297588813595656 0.09935589023055781 0.14828937809641768
1 0.10011352079310712 0.47472714214790157 0.12168218879823964 0.07988362196015149
1 0.4995142535976944 0.6412441672348395 0.15170019690299266 0.17366627949040112
1 0.4572024143479934 0.6056740691022175 0.09998873235348381 0.12834711772639576
1 0.3671579267768984 0.627892075515375 0.058071521672053136 0.0948871984714415
1 0.12412686301364961 0.47453929156791874 0.07295364976317564 0.07854410497153677
1 0.022501213931105424 0.4511830399676067 0.04500242786221085 0.0748674346179497
1 0.6013960947042956 0.6297588813595656 0.09935589023055781 0.14828937809641768
1 0.10011352079310712 0.47472714214790157 0.12168218879823964 0.07988362196015149
