0 0.7430158931776364 0.4666190393192252 0.06343826824173504 0.2259103834014578
0 0.6407633895579452 0.4388790327249114 0.05008676889780406 0.13985002655343912
7 0.5059296514076616 0.8120909818668955 0.9832326693884654 0.3758180362662089
0 0.7430158931776364 0.4666190393192252 0.06343826824173504 0.2259103834014578
0 0.6407633895579452 0.4388790327249114 0.05008676889780406 0.13985002655343912
3 0.5059296514076616 0.8120909818668955 0.9832326693884654 0.3758180362662089
0 0.7430158931776364 0.4666190393192252 0.06343826824173504 0.2259103834014578
0 0.6407633895579452 0.4388790327249114 0.05008676889780406 0.13985002655343912
3 0.5059296514076616 0.8120909818668955 0.9832326693884654 0.3758180362662089
0 0.7430158931776364 0.4666190393192252 0.06343826824173504 0.2259103834014578
0 0.6407633895579452 0.4388790327249114 0.05008676889780406 0.13985002655343912
3 0.5059296514076616 0.8120909818668955 0.9832326693884654 0.3758180362662089
0 0.7430158931776364 0.4666190393192252 0.06343826824173504 0.2259103834014578
0 0.6407633895579452 0.4388790327249114 0.05008676889780406 0.13985002655343912
3 0.5059296514076616 0.8120909818668955 0.9832326693884654 0.3758180362662089
0 0.7430158931776364 0.4666190393192252 0.06343826824173504 0.2259103834014578
0 0.6407633895579452 0.4388790327249114 0.05008676889780406 0.13985002655343912
3 0.5059296514076616 0.8120909818668955 0.9832326693884654 0.3758180362662089
0 0.7430158931776364 0.4666190393192252 0.06343826824173504 0.2259103834014578
0 0.6407633895579452 0.4388790327249114 0.05008676889780406 0.13985002655343912
3 0.5059296514076616 0.8120909818668955 0.9832326693884654 0.3758180362662089
0 0.7430158931776364 0.4666190393192252 0.06343826824173504 0.2259103834014578
0 0.6407633895579452 0.4388790327249114 0.05008676889780406 0.13985002655343912
3 0.5059296514076616 0.8120909818668955 0.9832326693884654 0.3758180362662089
0 0.7430158931776364 0.4666190393192252 0.06343826824173504 0.2259103834014578
0 0.6407633895579452 0.4388790327249114 0.05008676889780406 0.13985002655343912
3 0.5059296514076616 0.8120909818668955 0.9832326693884654 0.3758180362662089
0 0.7430158931776364 0.4666190393192252 0.06343826824173504 0.2259103834014578
0 0.6407633895579452 0.4388790327249114 0.05008676889780406 0.13985002655343912
3 0.5059296514076616 0.8120909818668955 0.9832326693884654 0.3758180362662089
