2 0.7361108580631996 0.749324297050081 0.10512227679959577 0.06201901378859562
7 0.7635450600391597 0.7276280619708665 0.15733382950967817 0.09807218878392679
1 0.7361108580631996 0.749324297050081 0.10512227679959577 0.06201901378859562
3 0.7635450600391597 0.7276280619708665 0.15733382950967817 0.09807218878392679
1 0.7361108580631996 0.749324297050081 0.10512227679959577 0.06201901378859562
3 0.7635450600391597 0.7276280619708665 0.15733382950967817 0.09807218878392679
1 0.7361108580631996 0.749324297050081 0.10512227679959577 0.06201901378859562
3 0.7635450600391597 0.7276280619708665 0.15733382950967817 0.09807218878392679
1 0.7361108580631996 0.749324297050081 0.10512227679959577 0.06201901378859562
3 0.7635450600391597 0.7276280619708665 0.15733382950967817 0.09807218878392679
1 0.7361108580631996 0.749324297050081 0.10512227679959577 0.06201901378859562
3 0.7635450600391597 0.7276280619708665 0.15733382950967817 0.09807218878392679
1 0.7361108580631996 0.749324297050081 0.10512227679959577 0.06201901378859562
3 0.7635450600391597 0.7276280619708665 0.15733382950967817 0.09807218878392679
1 0.7361108580631996 0.749324297050081 0.10512227679959577 0.06201901378859562
3 0.7635450600391597 0.7276280619708665 0.15733382950967817 0.09807218878392679
1 0.7361108580631996 0.749324297050081 0.10512227679959577 0.06201901378859562
3 0.7635450600391597 0.7276280619708665 0.15733382950967817 0.09807218878392679
1 0.7361108580631996 0.749324297050081 0.10512227679959577 0.06201901378859562
3 0.7635450600391597 0.7276280619708665 0.15733382950967817 0.09807218878392679
