0 0.8538666140054159 0.8494848871427308 0.03196937450464221 0.06603721336082176
0 0.7833474937844391 0.8366804711612654 0.026024196458899456 0.04930033114711934
0 0.8068227721873112 0.8370418470092271 0.019172410458182368 0.04331549499260545
0 0.8538666140054159 0.8494848871427308 0.03196937450464221 0.06603721336082176
0 0.7833474937844391 0.8366804711612654 0.026024196458899456 0.04930033114711934
0 0.8068227721873112 0.8370418470092271 0.019172410458182368 0.04331549499260545
0 0.8538666140054159 0.8494848871427308 0.03196937450464221 0.06603721336082176
0 0.7833474937844391 0.8366804711612654 0.026024196458899456 0.04930033114711934
0 0.8068227721873112 0.8370418470092271 0.019172410458182368 0.04331549499260545
0 0.8538666140054159 0.8494848871427308 0.03196937450464221 0.06603721336082176
0 0.7833474937844391 0.8366804711612654 0.026024196458899456 0.04930033114711934
0 0.8068227721873112 0.8370418470092271 0.019172410458182368 0.04331549499260545
0 0.8538666140054159 0.8494848871427308 0.03196937450464221 0.06603721336082176
0 0.7833474937844391 0.8366804711612654 0.026024196458899456 0.04930033114711934
0 0.8068227721873112 0.8370418470092271 0.019172410458182368 0.04331549499260545
0 0.8538666140054159 0.8494848871427308 0.03196937450464221 0.06603721336082176
0 0.7833474937844391 0.8366804711612654 0.026024196458899456 0.04930033114711934
0 0.8068227721873112 0.8370418470092271 0.019172410458182368 0.04331549499260545
0 0.8538666140054159 0.8494848871427308 0.03196937450464221 0.06603721336082176
0 0.7833474937844391 0.8366804711612654 0.026024196458899456 0.04930033114711934
0 0.8068227721873112 0.8370418470092271 0.019172410458182368 0.04331549499260545
0 0.8538666140054159 0.8494848871427308 0.03196937450464221 0.06603721336082176
0 0.7833474937844391 0.8366804711612654 0.026024196458899456 0.04930033114711934
0 0.8068227721873112 0.8370418470092271 0.019172410458182368 0.04331549499260545
0 0.8538666140054159 0.8494848871427308 0.03196937450464221 0.06603721336082176
0 0.7833474937844391 0.8366804711612654 0.026024196458899456 0.04930033114711934
0 0.8068227721873112 0.8370418470092271 0.019172410458182368 0.04331549499260545
0 0.8538666140054159 0.8494848871427308 0.03196937450464221 0.06603721336082176
0 0.7833474937844391 0.8366804711612654 0.026024196458899456 0.04930033114711934
0 0.8068227721873112 0.8370418470092271 0.019172410458182368 0.04331549499260545
