2 0.1311746040980021 0.746185564313616 0.1353812747531467 0.10726893833705357
0 0.8794553014967177 0.7590560477120536 0.06773047977023655 0.14341099330357143
0 0.8684644434187148 0.7575383649553571 0.045894251929389104 0.13997174944196428
0 0.7525787618425157 0.6817630004882812 0.01990101072523329 0.08263131277901786
1 0.1311746040980021 0.746185564313616 0.1353812747531467 0.10726893833705357
0 0.8794553014967177 0.7590560477120536 0.06773047977023655 0.14341099330357143
0 0.8684644434187148 0.7575383649553571 0.045894251929389104 0.13997174944196428
0 0.7525787618425157 0.6817630004882812 0.01990101072523329 0.08263131277901786
1 0.1311746040980021 0.746185564313616 0.1353812747531467 0.10726893833705357
0 0.8794553014967177 0.7590560477120536 0.06773047977023655 0.14341099330357143
0 0.8684644434187148 0.7575383649553571 0.045894251929389104 0.13997174944196428
0 0.7525787618425157 0.6817630004882812 0.01990101072523329 0.08263131277901786
1 0.1311746040980021 0.746185564313616 0.1353812747531467 0.10726893833705357
0 0.8794553014967177 0.7590560477120536 0.06773047977023655 0.14341099330357143
0 0.8684644434187148 0.7575383649553571 0.045894251929389104 0.13997174944196428
0 0.7525787618425157 0.6817630004882812 0.01990101072523329 0.08263131277901786
1 0.1311746040980021 0.746185564313616 0.1353812747531467 0.10726893833705357
0 0.8794553014967177 0.7590560477120536 0.06773047977023655 0.14341099330357143
0 0.8684644434187148 0.7575383649553571 0.045894251929389104 0.13997174944196428
0 0.7525787618425157 0.6817630004882812 0.01990101072523329 0.08263131277901786
1 0.1311746040980021 0.746185564313616 0.1353812747531467 0.10726893833705357
0 0.8794553014967177 0.7590560477120536 0.06773047977023655 0.14341099330357143
0 0.8684644434187148 0.7575383649553571 0.045894251929389104 0.13997174944196428
0 0.7525787618425157 0.6817630004882812 0.01990101072523329 0.08263131277901786
1 0.1311746040980021 0.746185564313616 0.1353812747531467 0.10726893833705357
0 0.8794553014967177 0.7590560477120536 0.06773047977023655 0.14341099330357143
0 0.8684644434187148 0.7575383649553571 0.045894251929389104 0.13997174944196428
0 0.7525787618425157 0.6817630004882812 0.01990101072523329 0.08263131277901786
1 0.1311746040980021 0.746185564313616 0.1353812747531467 0.10726893833705357
0 0.8794553014967177 0.7590560477120536 0.06773047977023655 0.14341099330357143
0 0.8684644434187148 0.7575383649553571 0.045894251929389104 0.13997174944196428
0 0.7525787618425157 0.6817630004882812 0.01990101072523329 0.08263131277901786
1 0.1311746040980021 0.746185564313616 0.1353812747531467 0.10726893833705357
0 0.8794553014967177 0.7590560477120536 0.06773047977023655 0.14341099330357143
0 0.8684644434187148 0.7575383649553571 0.045894251929389104 0.13997174944196428
0 0.7525787618425157 0.6817630004882812 0.01990101072523329 0.08263131277901786
1 0.1311746040980021 0.746185564313616 0.1353812747531467 0.10726893833705357
0 0.8794553014967177 0.7590560477120536 0.06773047977023655 0.14341099330357143
0 0.8684644434187148 0.7575383649553571 0.045894251929389104 0.13997174944196428
0 0.7525787618425157 0.6817630004882812 0.01990101072523329 0.08263131277901786
