2 0.0965031667759544 0.5919509106371776 0.06601261465173018 0.07709250392684017
1 0.0965031667759544 0.5919509106371776 0.06601261465173018 0.07709250392684017
1 0.0965031667759544 0.5919509106371776 0.06601261465173018 0.07709250392684017
1 0.0965031667759544 0.5919509106371776 0.06601261465173018 0.07709250392684017
1 0.0965031667759544 0.5919509106371776 0.06601261465173018 0.07709250392684017
1 0.0965031667759544 0.5919509106371776 0.06601261465173018 0.07709250392684017
1 0.0965031667759544 0.5919509106371776 0.06601261465173018 0.07709250392684017
1 0.0965031667759544 0.5919509106371776 0.06601261465173018 0.07709250392684017
1 0.0965031667759544 0.5919509106371776 0.06601261465173018 0.07709250392684017
1 0.0965031667759544 0.5919509106371776 0.06601261465173018 0.07709250392684017
