8 0.3549064595064671 0.6528161823420234 0.602887530978635 0.23663768452175415
4 0.3549064595064671 0.6528161823420234 0.602887530978635 0.23663768452175415
4 0.3549064595064671 0.6528161823420234 0.602887530978635 0.23663768452175415
4 0.3549064595064671 0.6528161823420234 0.602887530978635 0.23663768452175415
4 0.3549064595064671 0.6528161823420234 0.602887530978635 0.23663768452175415
4 0.3549064595064671 0.6528161823420234 0.602887530978635 0.23663768452175415
4 0.3549064595064671 0.6528161823420234 0.602887530978635 0.23663768452175415
4 0.3549064595064671 0.6528161823420234 0.602887530978635 0.23663768452175415
4 0.3549064595064671 0.6528161823420234 0.602887530978635 0.23663768452175415
4 0.3549064595064671 0.6528161823420234 0.602887530978635 0.23663768452175415
