2 0.23031112509714047 0.5341123160669359 0.07703579647440306 0.09127626580707097
1 0.23031112509714047 0.5341123160669359 0.07703579647440306 0.09127626580707097
1 0.23031112509714047 0.5341123160669359 0.07703579647440306 0.09127626580707097
1 0.23031112509714047 0.5341123160669359 0.07703579647440306 0.09127626580707097
1 0.23031112509714047 0.5341123160669359 0.07703579647440306 0.09127626580707097
1 0.23031112509714047 0.5341123160669359 0.07703579647440306 0.09127626580707097
1 0.23031112509714047 0.5341123160669359 0.07703579647440306 0.09127626580707097
1 0.23031112509714047 0.5341123160669359 0.07703579647440306 0.09127626580707097
1 0.23031112509714047 0.5341123160669359 0.07703579647440306 0.09127626580707097
1 0.23031112509714047 0.5341123160669359 0.07703579647440306 0.09127626580707097
