0 0.36646697998046873 0.6976620356241862 0.018832956949869792 0.10077558244977679
0 0.5946720886230469 0.6659776142665318 0.015468953450520833 0.06625947498139881
0 0.36795752207438154 0.6862873349870954 0.025350672403971354 0.11478778294154576
0 0.5793067677815755 0.6665542466299874 0.011601613362630209 0.05945282890683129
0 0.36646697998046873 0.6976620356241862 0.018832956949869792 0.10077558244977679
0 0.5946720886230469 0.6659776142665318 0.015468953450520833 0.06625947498139881
0 0.36795752207438154 0.6862873349870954 0.025350672403971354 0.11478778294154576
0 0.5793067677815755 0.6665542466299874 0.011601613362630209 0.05945282890683129
0 0.36646697998046873 0.6976620356241862 0.018832956949869792 0.10077558244977679
0 0.5946720886230469 0.6659776142665318 0.015468953450520833 0.06625947498139881
0 0.36795752207438154 0.6862873349870954 0.025350672403971354 0.11478778294154576
0 0.5793067677815755 0.6665542466299874 0.011601613362630209 0.05945282890683129
0 0.36646697998046873 0.6976620356241862 0.018832956949869792 0.10077558244977679
0 0.5946720886230469 0.6659776142665318 0.015468953450520833 0.06625947498139881
0 0.36795752207438154 0.6862873349870954 0.025350672403971354 0.11478778294154576
0 0.5793067677815755 0.6665542466299874 0.011601613362630209 0.05945282890683129
0 0.36646697998046873 0.6976620356241862 0.018832956949869792 0.10077558244977679
0 0.5946720886230469 0.6659776142665318 0.015468953450520833 0.06625947498139881
0 0.36795752207438154 0.6862873349870954 0.025350672403971354 0.11478778294154576
0 0.5793067677815755 0.6665542466299874 0.011601613362630209 0.05945282890683129
0 0.36646697998046873 0.6976620356241862 0.018832956949869792 0.10077558244977679
0 0.5946720886230469 0.6659776142665318 0.015468953450520833 0.06625947498139881
0 0.36795752207438154 0.6862873349870954 0.025350672403971354 0.11478778294154576
0 0.5793067677815755 0.6665542466299874 0.011601613362630209 0.05945282890683129
0 0.36646697998046873 0.6976620356241862 0.018832956949869792 0.10077558244977679
0 0.5946720886230469 0.6659776142665318 0.015468953450520833 0.06625947498139881
0 0.36795752207438154 0.6862873349870954 0.025350672403971354 0.11478778294154576
0 0.5793067677815755 0.6665542466299874 0.011601613362630209 0.05945282890683129
0 0.36646697998046873 0.6976620356241862 0.018832956949869792 0.10077558244977679
0 0.5946720886230469 0.6659776142665318 0.015468953450520833 0.06625947498139881
0 0.36795752207438154 0.6862873349870954 0.025350672403971354 0.11478778294154576
0 0.5793067677815755 0.6665542466299874 0.011601613362630209 0.05945282890683129
0 0.36646697998046873 0.6976620356241862 0.018832956949869792 0.10077558244977679
0 0.5946720886230469 0.6659776142665318 0.015468953450520833 0.06625947498139881
0 0.36795752207438154 0.6862873349870954 0.025350672403971354 0.11478778294154576
0 0.5793067677815755 0.6665542466299874 0.011601613362630209 0.05945282890683129
0 0.36646697998046873 0.6976620356241862 0.018832956949869792 0.10077558244977679
0 0.5946720886230469 0.6659776142665318 0.015468953450520833 0.06625947498139881
0 0.36795752207438154 0.6862873349870954 0.025350672403971354 0.11478778294154576
0 0.5793067677815755 0.6665542466299874 0.011601613362630209 0.05945282890683129
