2 0.8870292731693813 0.7539998033311632 0.05795717239379883 0.02777553982204861
1 0.8870292731693813 0.7539998033311632 0.05795717239379883 0.02777553982204861
1 0.8870292731693813 0.7539998033311632 0.05795717239379883 0.02777553982204861
1 0.8870292731693813 0.7539998033311632 0.05795717239379883 0.02777553982204861
1 0.8870292731693813 0.7539998033311632 0.05795717239379883 0.02777553982204861
1 0.8870292731693813 0.7539998033311632 0.05795717239379883 0.02777553982204861
1 0.8870292731693813 0.7539998033311632 0.05795717239379883 0.02777553982204861
1 0.8870292731693813 0.7539998033311632 0.05795717239379883 0.02777553982204861
1 0.8870292731693813 0.7539998033311632 0.05795717239379883 0.02777553982204861
1 0.8870292731693813 0.7539998033311632 0.05795717239379883 0.02777553982204861
