2 0.1270487117767334 0.6721767016819545 0.1221225929260254 0.1139100846790132
2 0.20003877639770506 0.6561783381870815 0.05745062510172526 0.0752206529889788
0 0.3273536046346029 0.5757813453674316 0.015336532592773438 0.0629087629772368
1 0.1270487117767334 0.6721767016819545 0.1221225929260254 0.1139100846790132
1 0.20003877639770506 0.6561783381870815 0.05745062510172526 0.0752206529889788
0 0.3273536046346029 0.5757813453674316 0.015336532592773438 0.0629087629772368
1 0.1270487117767334 0.6721767016819545 0.1221225929260254 0.1139100846790132
1 0.20003877639770506 0.6561783381870815 0.05745062510172526 0.0752206529889788
0 0.3273536046346029 0.5757813453674316 0.015336532592773438 0.0629087629772368
1 0.1270487117767334 0.6721767016819545 0.1221225929260254 0.1139100846790132
1 0.20003877639770506 0.6561783381870815 0.05745062510172526 0.0752206529889788
0 0.3273536046346029 0.5757813453674316 0.015336532592773438 0.0629087629772368
1 0.1270487117767334 0.6721767016819545 0.1221225929260254 0.1139100846790132
1 0.20003877639770506 0.6561783381870815 0.05745062510172526 0.0752206529889788
0 0.3273536046346029 0.5757813453674316 0.015336532592773438 0.0629087629772368
1 0.1270487117767334 0.6721767016819545 0.1221225929260254 0.1139100846790132
1 0.20003877639770506 0.6561783381870815 0.05745062510172526 0.0752206529889788
0 0.3273536046346029 0.5757813453674316 0.015336532592773438 0.0629087629772368
1 0.1270487117767334 0.6721767016819545 0.1221225929260254 0.1139100846790132
1 0.20003877639770506 0.6561783381870815 0.05745062510172526 0.0752206529889788
0 0.3273536046346029 0.5757813453674316 0.015336532592773438 0.0629087629772368
1 0.1270487117767334 0.6721767016819545 0.1221225929260254 0.1139100846790132
1 0.20003877639770506 0.6561783381870815 0.05745062510172526 0.0752206529889788
0 0.3273536046346029 0.5757813453674316 0.015336532592773438 0.0629087629772368
1 0.1270487117767334 0.6721767016819545 0.1221225929260254 0.1139100846790132
1 0.20003877639770506 0.6561783381870815 0.05745062510172526 0.0752206529889788
0 0.3273536046346029 0.5757813453674316 0.015336532592773438 0.0629087629772368
1 0.1270487117767334 0.6721767016819545 0.1221225929260254 0.1139100846790132
1 0.20003877639770506 0.6561783381870815 0.05745062510172526 0.0752206529889788
0 0.3273536046346029 0.5757813453674316 0.015336532592773438 0.0629087629772368
