8 0.4442818488603757 0.530814928886218 0.19990195757077064 0.11043793115860377
4 0.4442818488603757 0.530814928886218 0.19990195757077064 0.11043793115860377
4 0.4442818488603757 0.530814928886218 0.19990195757077064 0.11043793115860377
4 0.4442818488603757 0.530814928886218 0.19990195757077064 0.11043793115860377
4 0.4442818488603757 0.530814928886218 0.19990195757077064 0.11043793115860377
4 0.4442818488603757 0.530814928886218 0.19990195757077064 0.11043793115860377
4 0.4442818488603757 0.530814928886218 0.19990195757077064 0.11043793115860377
4 0.4442818488603757 0.530814928886218 0.19990195757077064 0.11043793115860377
4 0.4442818488603757 0.530814928886218 0.19990195757077064 0.11043793115860377
4 0.4442818488603757 0.530814928886218 0.19990195757077064 0.11043793115860377
