0 0.05363030592600505 0.42546302931649344 0.075751740137736 0.34155112221127465
0 0.6545343526204427 0.8939638591948009 0.06489064534505208 0.21207228161039807
0 0.7048651123046875 0.9282707486833844 0.0836761474609375 0.13830557323637463
0 0.8024426015218099 0.8287120319548107 0.07738133748372396 0.3332123075212751
0 0.13857826550801594 0.46614104225521996 0.06878028233846029 0.3388902119227818
0 0.18188790639241537 0.364291474932716 0.06239613850911458 0.33065866288684664
0 0.34893937428792315 0.3476093269529797 0.046200892130533855 0.1346215974716913
0 0.9654928588867188 0.8792530241466704 0.06806884765625 0.23567726498558408
0 0.9405761210123698 0.21125639052618117 0.04670013427734375 0.18475359962100074
0 0.8288671112060547 0.7985599835713705 0.06108189900716146 0.37422584352039157
0 0.709917984008789 0.7896898814610073 0.09381902058919271 0.2895228976295108
0 0.2715744400024414 0.3548335007258824 0.060150222778320314 0.1198650768824986
0 0.05363030592600505 0.42546302931649344 0.075751740137736 0.34155112221127465
0 0.6545343526204427 0.8939638591948009 0.06489064534505208 0.21207228161039807
0 0.7048651123046875 0.9282707486833844 0.0836761474609375 0.13830557323637463
0 0.8024426015218099 0.8287120319548107 0.07738133748372396 0.3332123075212751
0 0.13857826550801594 0.46614104225521996 0.06878028233846029 0.3388902119227818
0 0.18188790639241537 0.364291474932716 0.06239613850911458 0.33065866288684664
0 0.34893937428792315 0.3476093269529797 0.046200892130533855 0.1346215974716913
0 0.9654928588867188 0.8792530241466704 0.06806884765625 0.23567726498558408
0 0.9405761210123698 0.21125639052618117 0.04670013427734375 0.18475359962100074
0 0.8288671112060547 0.7985599835713705 0.06108189900716146 0.37422584352039157
0 0.709917984008789 0.7896898814610073 0.09381902058919271 0.2895228976295108
0 0.2715744400024414 0.3548335007258824 0.060150222778320314 0.1198650768824986
0 0.05363030592600505 0.42546302931649344 0.075751740137736 0.34155112221127465
0 0.6545343526204427 0.8939638591948009 0.06489064534505208 0.21207228161039807
0 0.7048651123046875 0.9282707486833844 0.0836761474609375 0.13830557323637463
0 0.8024426015218099 0.8287120319548107 0.07738133748372396 0.3332123075212751
0 0.13857826550801594 0.46614104225521996 0.06878028233846029 0.3388902119227818
0 0.18188790639241537 0.364291474932716 0.06239613850911458 0.33065866288684664
0 0.34893937428792315 0.3476093269529797 0.046200892130533855 0.1346215974716913
0 0.9654928588867188 0.8792530241466704 0.06806884765625 0.23567726498558408
0 0.9405761210123698 0.21125639052618117 0.04670013427734375 0.18475359962100074
0 0.8288671112060547 0.7985599835713705 0.06108189900716146 0.37422584352039157
0 0.709917984008789 0.7896898814610073 0.09381902058919271 0.2895228976295108
0 0.2715744400024414 0.3548335007258824 0.060150222778320314 0.1198650768824986
0 0.05363030592600505 0.42546302931649344 0.075751740137736 0.34155112221127465
0 0.6545343526204427 0.8939638591948009 0.06489064534505208 0.21207228161039807
0 0.7048651123046875 0.9282707486833844 0.0836761474609375 0.13830557323637463
0 0.8024426015218099 0.8287120319548107 0.07738133748372396 0.3332123075212751
0 0.13857826550801594 0.46614104225521996 0.06878028233846029 0.3388902119227818
0 0.18188790639241537 0.364291474932716 0.06239613850911458 0.33065866288684664
0 0.34893937428792315 0.3476093269529797 0.046200892130533855 0.1346215974716913
0 0.9654928588867188 0.8792530241466704 0.06806884765625 0.23567726498558408
0 0.9405761210123698 0.21125639052618117 0.04670013427734375 0.18475359962100074
0 0.8288671112060547 0.7985599835713705 0.06108189900716146 0.37422584352039157
0 0.709917984008789 0.7896898814610073 0.09381902058919271 0.2895228976295108
0 0.2715744400024414 0.3548335007258824 0.060150222778320314 0.1198650768824986
0 0.05363030592600505 0.42546302931649344 0.075751740137736 0.34155112221127465
0 0.6545343526204427 0.8939638591948009 0.06489064534505208 0.21207228161039807
0 0.7048651123046875 0.9282707486833844 0.0836761474609375 0.13830557323637463
0 0.8024426015218099 0.8287120319548107 0.07738133748372396 0.3332123075212751
0 0.13857826550801594 0.46614104225521996 0.06878028233846029 0.3388902119227818
0 0.18188790639241537 0.364291474932716 0.06239613850911458 0.33065866288684664
0 0.34893937428792315 0.3476093269529797 0.046200892130533855 0.1346215974716913
0 0.9654928588867188 0.8792530241466704 0.06806884765625 0.23567726498558408
0 0.9405761210123698 0.21125639052618117 0.04670013427734375 0.18475359962100074
0 0.8288671112060547 0.7985599835713705 0.06108189900716146 0.37422584352039157
0 0.709917984008789 0.7896898814610073 0.09381902058919271 0.2895228976295108
0 0.2715744400024414 0.3548335007258824 0.060150222778320314 0.1198650768824986
0 0.05363030592600505 0.42546302931649344 0.075751740137736 0.34155112221127465
0 0.6545343526204427 0.8939638591948009 0.06489064534505208 0.21207228161039807
0 0.7048651123046875 0.9282707486833844 0.0836761474609375 0.13830557323637463
0 0.8024426015218099 0.8287120319548107 0.07738133748372396 0.3332123075212751
0 0.13857826550801594 0.46614104225521996 0.06878028233846029 0.3388902119227818
0 0.18188790639241537 0.364291474932716 0.06239613850911458 0.33065866288684664
0 0.34893937428792315 0.3476093269529797 0.046200892130533855 0.1346215974716913
0 0.9654928588867188 0.8792530241466704 0.06806884765625 0.23567726498558408
0 0.9405761210123698 0.21125639052618117 0.04670013427734375 0.18475359962100074
0 0.8288671112060547 0.7985599835713705 0.06108189900716146 0.37422584352039157
0 0.709917984008789 0.7896898814610073 0.09381902058919271 0.2895228976295108
0 0.2715744400024414 0.3548335007258824 0.060150222778320314 0.1198650768824986
0 0.05363030592600505 0.42546302931649344 0.075751740137736 0.34155112221127465
0 0.6545343526204427 0.8939638591948009 0.06489064534505208 0.21207228161039807
0 0.7048651123046875 0.9282707486833844 0.0836761474609375 0.13830557323637463
0 0.8024426015218099 0.8287120319548107 0.07738133748372396 0.3332123075212751
0 0.13857826550801594 0.46614104225521996 0.06878028233846029 0.3388902119227818
0 0.18188790639241537 0.364291474932716 0.06239613850911458 0.33065866288684664
0 0.34893937428792315 0.3476093269529797 0.046200892130533855 0.1346215974716913
0 0.9654928588867188 0.8792530241466704 0.06806884765625 0.23567726498558408
0 0.9405761210123698 0.21125639052618117 0.04670013427734375 0.18475359962100074
0 0.8288671112060547 0.7985599835713705 0.06108189900716146 0.37422584352039157
0 0.709917984008789 0.7896898814610073 0.09381902058919271 0.2895228976295108
0 0.2715744400024414 0.3548335007258824 0.060150222778320314 0.1198650768824986
0 0.05363030592600505 0.42546302931649344 0.075751740137736 0.34155112221127465
0 0.6545343526204427 0.8939638591948009 0.06489064534505208 0.21207228161039807
0 0.7048651123046875 0.9282707486833844 0.0836761474609375 0.13830557323637463
0 0.8024426015218099 0.8287120319548107 0.07738133748372396 0.3332123075212751
0 0.13857826550801594 0.46614104225521996 0.06878028233846029 0.3388902119227818
0 0.18188790639241537 0.364291474932716 0.06239613850911458 0.33065866288684664
0 0.34893937428792315 0.3476093269529797 0.046200892130533855 0.1346215974716913
0 0.9654928588867188 0.8792530241466704 0.06806884765625 0.23567726498558408
0 0.9405761210123698 0.21125639052618117 0.04670013427734375 0.18475359962100074
0 0.8288671112060547 0.7985599835713705 0.06108189900716146 0.37422584352039157
0 0.709917984008789 0.7896898814610073 0.09381902058919271 0.2895228976295108
0 0.2715744400024414 0.3548335007258824 0.060150222778320314 0.1198650768824986
0 0.05363030592600505 0.42546302931649344 0.075751740137736 0.34155112221127465
0 0.6545343526204427 0.8939638591948009 0.06489064534505208 0.21207228161039807
0 0.7048651123046875 0.9282707486833844 0.0836761474609375 0.13830557323637463
0 0.8024426015218099 0.8287120319548107 0.07738133748372396 0.3332123075212751
0 0.13857826550801594 0.46614104225521996 0.06878028233846029 0.3388902119227818
0 0.18188790639241537 0.364291474932716 0.06239613850911458 0.33065866288684664
0 0.34893937428792315 0.3476093269529797 0.046200892130533855 0.1346215974716913
0 0.9654928588867188 0.8792530241466704 0.06806884765625 0.23567726498558408
0 0.9405761210123698 0.21125639052618117 0.04670013427734375 0.18475359962100074
0 0.8288671112060547 0.7985599835713705 0.06108189900716146 0.37422584352039157
0 0.709917984008789 0.7896898814610073 0.09381902058919271 0.2895228976295108
0 0.2715744400024414 0.3548335007258824 0.060150222778320314 0.1198650768824986
0 0.05363030592600505 0.42546302931649344 0.075751740137736 0.34155112221127465
0 0.6545343526204427 0.8939638591948009 0.06489064534505208 0.21207228161039807
0 0.7048651123046875 0.9282707486833844 0.0836761474609375 0.13830557323637463
0 0.8024426015218099 0.8287120319548107 0.07738133748372396 0.3332123075212751
0 0.13857826550801594 0.46614104225521996 0.06878028233846029 0.3388902119227818
0 0.18188790639241537 0.364291474932716 0.06239613850911458 0.33065866288684664
0 0.34893937428792315 0.3476093269529797 0.046200892130533855 0.1346215974716913
0 0.9654928588867188 0.8792530241466704 0.06806884765625 0.23567726498558408
0 0.9405761210123698 0.21125639052618117 0.04670013427734375 0.18475359962100074
0 0.8288671112060547 0.7985599835713705 0.06108189900716146 0.37422584352039157
0 0.709917984008789 0.7896898814610073 0.09381902058919271 0.2895228976295108
0 0.2715744400024414 0.3548335007258824 0.060150222778320314 0.1198650768824986
