8 0.41398981118657785 0.40263543128967283 0.7771825911892447 0.6065833091735839
4 0.41398981118657785 0.40263543128967283 0.7771825911892447 0.6065833091735839
4 0.41398981118657785 0.40263543128967283 0.7771825911892447 0.6065833091735839
4 0.41398981118657785 0.40263543128967283 0.7771825911892447 0.6065833091735839
4 0.41398981118657785 0.40263543128967283 0.7771825911892447 0.6065833091735839
4 0.41398981118657785 0.40263543128967283 0.7771825911892447 0.6065833091735839
4 0.41398981118657785 0.40263543128967283 0.7771825911892447 0.6065833091735839
4 0.41398981118657785 0.40263543128967283 0.7771825911892447 0.6065833091735839
4 0.41398981118657785 0.40263543128967283 0.7771825911892447 0.6065833091735839
4 0.41398981118657785 0.40263543128967283 0.7771825911892447 0.6065833091735839
