0 0.4823344462626689 0.2840566438497956 0.13948807292923504 0.1951184420241523
0 0.4823344462626689 0.2840566438497956 0.13948807292923504 0.1951184420241523
0 0.4823344462626689 0.2840566438497956 0.13948807292923504 0.1951184420241523
0 0.4823344462626689 0.2840566438497956 0.13948807292923504 0.1951184420241523
0 0.4823344462626689 0.2840566438497956 0.13948807292923504 0.1951184420241523
0 0.4823344462626689 0.2840566438497956 0.13948807292923504 0.1951184420241523
0 0.4823344462626689 0.2840566438497956 0.13948807292923504 0.1951184420241523
0 0.4823344462626689 0.2840566438497956 0.13948807292923504 0.1951184420241523
0 0.4823344462626689 0.2840566438497956 0.13948807292923504 0.1951184420241523
0 0.4823344462626689 0.2840566438497956 0.13948807292923504 0.1951184420241523
