8 0.5072643120572498 0.42322603272803033 0.7883656983206893 0.7349062907842943
4 0.5072643120572498 0.42322603272803033 0.7883656983206893 0.7349062907842943
4 0.5072643120572498 0.42322603272803033 0.7883656983206893 0.7349062907842943
4 0.5072643120572498 0.42322603272803033 0.7883656983206893 0.7349062907842943
4 0.5072643120572498 0.42322603272803033 0.7883656983206893 0.7349062907842943
4 0.5072643120572498 0.42322603272803033 0.7883656983206893 0.7349062907842943
4 0.5072643120572498 0.42322603272803033 0.7883656983206893 0.7349062907842943
4 0.5072643120572498 0.42322603272803033 0.7883656983206893 0.7349062907842943
4 0.5072643120572498 0.42322603272803033 0.7883656983206893 0.7349062907842943
4 0.5072643120572498 0.42322603272803033 0.7883656983206893 0.7349062907842943
