8 0.5007481222367364 0.5079334871268567 0.8967192916624799 0.646624058852961
4 0.5007481222367364 0.5079334871268567 0.8967192916624799 0.646624058852961
4 0.5007481222367364 0.5079334871268567 0.8967192916624799 0.646624058852961
4 0.5007481222367364 0.5079334871268567 0.8967192916624799 0.646624058852961
4 0.5007481222367364 0.5079334871268567 0.8967192916624799 0.646624058852961
4 0.5007481222367364 0.5079334871268567 0.8967192916624799 0.646624058852961
4 0.5007481222367364 0.5079334871268567 0.8967192916624799 0.646624058852961
4 0.5007481222367364 0.5079334871268567 0.8967192916624799 0.646624058852961
4 0.5007481222367364 0.5079334871268567 0.8967192916624799 0.646624058852961
4 0.5007481222367364 0.5079334871268567 0.8967192916624799 0.646624058852961
