8 0.4940380672690491 0.417265802314601 0.9481753548139771 0.7548087626388392
8 0.3452028979665985 0.3971139057395385 0.656304880458876 0.707388519011822
4 0.4940380672690491 0.417265802314601 0.9481753548139771 0.7548087626388392
4 0.3452028979665985 0.3971139057395385 0.656304880458876 0.707388519011822
4 0.4940380672690491 0.417265802314601 0.9481753548139771 0.7548087626388392
4 0.3452028979665985 0.3971139057395385 0.656304880458876 0.707388519011822
4 0.4940380672690491 0.417265802314601 0.9481753548139771 0.7548087626388392
4 0.3452028979665985 0.3971139057395385 0.656304880458876 0.707388519011822
4 0.4940380672690491 0.417265802314601 0.9481753548139771 0.7548087626388392
4 0.3452028979665985 0.3971139057395385 0.656304880458876 0.707388519011822
4 0.4940380672690491 0.417265802314601 0.9481753548139771 0.7548087626388392
4 0.3452028979665985 0.3971139057395385 0.656304880458876 0.707388519011822
4 0.4940380672690491 0.417265802314601 0.9481753548139771 0.7548087626388392
4 0.3452028979665985 0.3971139057395385 0.656304880458876 0.707388519011822
4 0.4940380672690491 0.417265802314601 0.9481753548139771 0.7548087626388392
4 0.3452028979665985 0.3971139057395385 0.656304880458876 0.707388519011822
4 0.4940380672690491 0.417265802314601 0.9481753548139771 0.7548087626388392
4 0.3452028979665985 0.3971139057395385 0.656304880458876 0.707388519011822
4 0.4940380672690491 0.417265802314601 0.9481753548139771 0.7548087626388392
4 0.3452028979665985 0.3971139057395385 0.656304880458876 0.707388519011822
