8 0.5052327821718766 0.4572710398386216 0.9416478496269892 0.8242884867290068
4 0.5052327821718766 0.4572710398386216 0.9416478496269892 0.8242884867290068
4 0.5052327821718766 0.4572710398386216 0.9416478496269892 0.8242884867290068
4 0.5052327821718766 0.4572710398386216 0.9416478496269892 0.8242884867290068
4 0.5052327821718766 0.4572710398386216 0.9416478496269892 0.8242884867290068
4 0.5052327821718766 0.4572710398386216 0.9416478496269892 0.8242884867290068
4 0.5052327821718766 0.4572710398386216 0.9416478496269892 0.8242884867290068
4 0.5052327821718766 0.4572710398386216 0.9416478496269892 0.8242884867290068
4 0.5052327821718766 0.4572710398386216 0.9416478496269892 0.8242884867290068
4 0.5052327821718766 0.4572710398386216 0.9416478496269892 0.8242884867290068
