8 0.5127601338856256 0.3887689062889586 0.7875001252587162 0.46442802916181847
4 0.5127601338856256 0.3887689062889586 0.7875001252587162 0.46442802916181847
4 0.5127601338856256 0.3887689062889586 0.7875001252587162 0.46442802916181847
4 0.5127601338856256 0.3887689062889586 0.7875001252587162 0.46442802916181847
4 0.5127601338856256 0.3887689062889586 0.7875001252587162 0.46442802916181847
4 0.5127601338856256 0.3887689062889586 0.7875001252587162 0.46442802916181847
4 0.5127601338856256 0.3887689062889586 0.7875001252587162 0.46442802916181847
4 0.5127601338856256 0.3887689062889586 0.7875001252587162 0.46442802916181847
4 0.5127601338856256 0.3887689062889586 0.7875001252587162 0.46442802916181847
4 0.5127601338856256 0.3887689062889586 0.7875001252587162 0.46442802916181847
