8 0.8815862772165771 0.26730794082453224 0.16564671556282656 0.18659436261212384
8 0.2389283563546429 0.669851185363016 0.3786786806161764 0.4922062438211323
4 0.8815862772165771 0.26730794082453224 0.16564671556282656 0.18659436261212384
4 0.2389283563546429 0.669851185363016 0.3786786806161764 0.4922062438211323
4 0.8815862772165771 0.26730794082453224 0.16564671556282656 0.18659436261212384
4 0.2389283563546429 0.669851185363016 0.3786786806161764 0.4922062438211323
4 0.8815862772165771 0.26730794082453224 0.16564671556282656 0.18659436261212384
4 0.2389283563546429 0.669851185363016 0.3786786806161764 0.4922062438211323
4 0.8815862772165771 0.26730794082453224 0.16564671556282656 0.18659436261212384
4 0.2389283563546429 0.669851185363016 0.3786786806161764 0.4922062438211323
4 0.8815862772165771 0.26730794082453224 0.16564671556282656 0.18659436261212384
4 0.2389283563546429 0.669851185363016 0.3786786806161764 0.4922062438211323
4 0.8815862772165771 0.26730794082453224 0.16564671556282656 0.18659436261212384
4 0.2389283563546429 0.669851185363016 0.3786786806161764 0.4922062438211323
4 0.8815862772165771 0.26730794082453224 0.16564671556282656 0.18659436261212384
4 0.2389283563546429 0.669851185363016 0.3786786806161764 0.4922062438211323
4 0.8815862772165771 0.26730794082453224 0.16564671556282656 0.18659436261212384
4 0.2389283563546429 0.669851185363016 0.3786786806161764 0.4922062438211323
4 0.8815862772165771 0.26730794082453224 0.16564671556282656 0.18659436261212384
4 0.2389283563546429 0.669851185363016 0.3786786806161764 0.4922062438211323
