8 0.9015666553809208 0.5641769073294394 0.10416023686247051 0.09818613304282134
4 0.9015666553809208 0.5641769073294394 0.10416023686247051 0.09818613304282134
4 0.9015666553809208 0.5641769073294394 0.10416023686247051 0.09818613304282134
4 0.9015666553809208 0.5641769073294394 0.10416023686247051 0.09818613304282134
4 0.9015666553809208 0.5641769073294394 0.10416023686247051 0.09818613304282134
4 0.9015666553809208 0.5641769073294394 0.10416023686247051 0.09818613304282134
4 0.9015666553809208 0.5641769073294394 0.10416023686247051 0.09818613304282134
4 0.9015666553809208 0.5641769073294394 0.10416023686247051 0.09818613304282134
4 0.9015666553809208 0.5641769073294394 0.10416023686247051 0.09818613304282134
4 0.9015666553809208 0.5641769073294394 0.10416023686247051 0.09818613304282134
