8 0.5372037467956543 0.4529569208325438 0.8809798355102539 0.6964345239288178
4 0.5372037467956543 0.4529569208325438 0.8809798355102539 0.6964345239288178
4 0.5372037467956543 0.4529569208325438 0.8809798355102539 0.6964345239288178
4 0.5372037467956543 0.4529569208325438 0.8809798355102539 0.6964345239288178
4 0.5372037467956543 0.4529569208325438 0.8809798355102539 0.6964345239288178
4 0.5372037467956543 0.4529569208325438 0.8809798355102539 0.6964345239288178
4 0.5372037467956543 0.4529569208325438 0.8809798355102539 0.6964345239288178
4 0.5372037467956543 0.4529569208325438 0.8809798355102539 0.6964345239288178
4 0.5372037467956543 0.4529569208325438 0.8809798355102539 0.6964345239288178
4 0.5372037467956543 0.4529569208325438 0.8809798355102539 0.6964345239288178
