0 0.4268823380903764 0.897978068700905 0.020403581099076706 0.05669098734204235
0 0.3928810119628906 0.8973710107021644 0.01931948575106534 0.05306948468984802
0 0.4268823380903764 0.897978068700905 0.020403581099076706 0.05669098734204235
0 0.3928810119628906 0.8973710107021644 0.01931948575106534 0.05306948468984802
0 0.4268823380903764 0.897978068700905 0.020403581099076706 0.05669098734204235
0 0.3928810119628906 0.8973710107021644 0.01931948575106534 0.05306948468984802
0 0.4268823380903764 0.897978068700905 0.020403581099076706 0.05669098734204235
0 0.3928810119628906 0.8973710107021644 0.01931948575106534 0.05306948468984802
0 0.4268823380903764 0.897978068700905 0.020403581099076706 0.05669098734204235
0 0.3928810119628906 0.8973710107021644 0.01931948575106534 0.05306948468984802
0 0.4268823380903764 0.897978068700905 0.020403581099076706 0.05669098734204235
0 0.3928810119628906 0.8973710107021644 0.01931948575106534 0.05306948468984802
0 0.4268823380903764 0.897978068700905 0.020403581099076706 0.05669098734204235
0 0.3928810119628906 0.8973710107021644 0.01931948575106534 0.05306948468984802
0 0.4268823380903764 0.897978068700905 0.020403581099076706 0.05669098734204235
0 0.3928810119628906 0.8973710107021644 0.01931948575106534 0.05306948468984802
0 0.4268823380903764 0.897978068700905 0.020403581099076706 0.05669098734204235
0 0.3928810119628906 0.8973710107021644 0.01931948575106534 0.05306948468984802
0 0.4268823380903764 0.897978068700905 0.020403581099076706 0.05669098734204235
0 0.3928810119628906 0.8973710107021644 0.01931948575106534 0.05306948468984802
