8 0.7152647721140009 0.4920216054844677 0.41913010446648846 0.8655179783813935
4 0.7152647721140009 0.4920216054844677 0.41913010446648846 0.8655179783813935
4 0.7152647721140009 0.4920216054844677 0.41913010446648846 0.8655179783813935
4 0.7152647721140009 0.4920216054844677 0.41913010446648846 0.8655179783813935
4 0.7152647721140009 0.4920216054844677 0.41913010446648846 0.8655179783813935
4 0.7152647721140009 0.4920216054844677 0.41913010446648846 0.8655179783813935
4 0.7152647721140009 0.4920216054844677 0.41913010446648846 0.8655179783813935
4 0.7152647721140009 0.4920216054844677 0.41913010446648846 0.8655179783813935
4 0.7152647721140009 0.4920216054844677 0.41913010446648846 0.8655179783813935
4 0.7152647721140009 0.4920216054844677 0.41913010446648846 0.8655179783813935
