8 0.6329678798067397 0.8399130399109888 0.12268923330998076 0.17180646052126025
8 0.9444709722546564 0.849168579435088 0.11014363385628963 0.20322030489561987
8 0.7779502592225006 0.7656311493753736 0.277165122654127 0.2970644841428663
8 0.38168603095455444 0.5882426402607902 0.49171563853388245 0.5628655855772925
8 0.008053806380949158 0.4667195179423348 0.016107612761898316 0.039865087290279204
4 0.6329678798067397 0.8399130399109888 0.12268923330998076 0.17180646052126025
4 0.9444709722546564 0.849168579435088 0.11014363385628963 0.20322030489561987
4 0.7779502592225006 0.7656311493753736 0.277165122654127 0.2970644841428663
4 0.38168603095455444 0.5882426402607902 0.49171563853388245 0.5628655855772925
4 0.008053806380949158 0.4667195179423348 0.016107612761898316 0.039865087290279204
4 0.6329678798067397 0.8399130399109888 0.12268923330998076 0.17180646052126025
4 0.9444709722546564 0.849168579435088 0.11014363385628963 0.20322030489561987
4 0.7779502592225006 0.7656311493753736 0.277165122654127 0.2970644841428663
4 0.38168603095455444 0.5882426402607902 0.49171563853388245 0.5628655855772925
4 0.008053806380949158 0.4667195179423348 0.016107612761898316 0.039865087290279204
4 0.6329678798067397 0.8399130399109888 0.12268923330998076 0.17180646052126025
4 0.9444709722546564 0.849168579435088 0.11014363385628963 0.20322030489561987
4 0.7779502592225006 0.7656311493753736 0.277165122654127 0.2970644841428663
4 0.38168603095455444 0.5882426402607902 0.49171563853388245 0.5628655855772925
4 0.008053806380949158 0.4667195179423348 0.016107612761898316 0.039865087290279204
4 0.6329678798067397 0.8399130399109888 0.12268923330998076 0.17180646052126025
4 0.9444709722546564 0.849168579435088 0.11014363385628963 0.20322030489561987
4 0.7779502592225006 0.7656311493753736 0.277165122654127 0.2970644841428663
4 0.38168603095455444 0.5882426402607902 0.49171563853388245 0.5628655855772925
4 0.008053806380949158 0.4667195179423348 0.016107612761898316 0.039865087290279204
4 0.6329678798067397 0.8399130399109888 0.12268923330998076 0.17180646052126025
4 0.9444709722546564 0.849168579435088 0.11014363385628963 0.20322030489561987
4 0.7779502592225006 0.7656311493753736 0.277165122654127 0.2970644841428663
4 0.38168603095455444 0.5882426402607902 0.49171563853388245 0.5628655855772925
4 0.008053806380949158 0.4667195179423348 0.016107612761898316 0.039865087290279204
4 0.6329678798067397 0.8399130399109888 0.12268923330998076 0.17180646052126025
4 0.9444709722546564 0.849168579435088 0.11014363385628963 0.20322030489561987
4 0.7779502592225006 0.7656311493753736 0.277165122654127 0.2970644841428663
4 0.38168603095455444 0.5882426402607902 0.49171563853388245 0.5628655855772925
4 0.008053806380949158 0.4667195179423348 0.016107612761898316 0.039865087290279204
4 0.6329678798067397 0.8399130399109888 0.12268923330998076 0.17180646052126025
4 0.9444709722546564 0.849168579435088 0.11014363385628963 0.20322030489561987
4 0.7779502592225006 0.7656311493753736 0.277165122654127 0.2970644841428663
4 0.38168603095455444 0.5882426402607902 0.49171563853388245 0.5628655855772925
4 0.008053806380949158 0.4667195179423348 0.016107612761898316 0.039865087290279204
4 0.6329678798067397 0.8399130399109888 0.12268923330998076 0.17180646052126025
4 0.9444709722546564 0.849168579435088 0.11014363385628963 0.20322030489561987
4 0.7779502592225006 0.7656311493753736 0.277165122654127 0.2970644841428663
4 0.38168603095455444 0.5882426402607902 0.49171563853388245 0.5628655855772925
4 0.008053806380949158 0.4667195179423348 0.016107612761898316 0.039865087290279204
4 0.6329678798067397 0.8399130399109888 0.12268923330998076 0.17180646052126025
4 0.9444709722546564 0.849168579435088 0.11014363385628963 0.20322030489561987
4 0.7779502592225006 0.7656311493753736 0.277165122654127 0.2970644841428663
4 0.38168603095455444 0.5882426402607902 0.49171563853388245 0.5628655855772925
4 0.008053806380949158 0.4667195179423348 0.016107612761898316 0.039865087290279204
