8 0.5011441268920899 0.4501591992665486 0.9382326202392578 0.524893036807876
4 0.5011441268920899 0.4501591992665486 0.9382326202392578 0.524893036807876
4 0.5011441268920899 0.4501591992665486 0.9382326202392578 0.524893036807876
4 0.5011441268920899 0.4501591992665486 0.9382326202392578 0.524893036807876
4 0.5011441268920899 0.4501591992665486 0.9382326202392578 0.524893036807876
4 0.5011441268920899 0.4501591992665486 0.9382326202392578 0.524893036807876
4 0.5011441268920899 0.4501591992665486 0.9382326202392578 0.524893036807876
4 0.5011441268920899 0.4501591992665486 0.9382326202392578 0.524893036807876
4 0.5011441268920899 0.4501591992665486 0.9382326202392578 0.524893036807876
4 0.5011441268920899 0.4501591992665486 0.9382326202392578 0.524893036807876
