8 0.4892008320490519 0.6827475911095029 0.8871472454071045 0.43849023183186847
4 0.4892008320490519 0.6827475911095029 0.8871472454071045 0.43849023183186847
4 0.4892008320490519 0.6827475911095029 0.8871472454071045 0.43849023183186847
4 0.4892008320490519 0.6827475911095029 0.8871472454071045 0.43849023183186847
4 0.4892008320490519 0.6827475911095029 0.8871472454071045 0.43849023183186847
4 0.4892008320490519 0.6827475911095029 0.8871472454071045 0.43849023183186847
4 0.4892008320490519 0.6827475911095029 0.8871472454071045 0.43849023183186847
4 0.4892008320490519 0.6827475911095029 0.8871472454071045 0.43849023183186847
4 0.4892008320490519 0.6827475911095029 0.8871472454071045 0.43849023183186847
4 0.4892008320490519 0.6827475911095029 0.8871472454071045 0.43849023183186847
