8 0.4840694856177712 0.4440158907233215 0.8610232287975398 0.8745775608027854
4 0.4840694856177712 0.4440158907233215 0.8610232287975398 0.8745775608027854
4 0.4840694856177712 0.4440158907233215 0.8610232287975398 0.8745775608027854
4 0.4840694856177712 0.4440158907233215 0.8610232287975398 0.8745775608027854
4 0.4840694856177712 0.4440158907233215 0.8610232287975398 0.8745775608027854
4 0.4840694856177712 0.4440158907233215 0.8610232287975398 0.8745775608027854
4 0.4840694856177712 0.4440158907233215 0.8610232287975398 0.8745775608027854
4 0.4840694856177712 0.4440158907233215 0.8610232287975398 0.8745775608027854
4 0.4840694856177712 0.4440158907233215 0.8610232287975398 0.8745775608027854
4 0.4840694856177712 0.4440158907233215 0.8610232287975398 0.8745775608027854
