0 0.68203021006979 0.517422646469211 0.02956161984972134 0.11768734381065606
0 0.68203021006979 0.517422646469211 0.02956161984972134 0.11768734381065606
0 0.68203021006979 0.517422646469211 0.02956161984972134 0.11768734381065606
0 0.68203021006979 0.517422646469211 0.02956161984972134 0.11768734381065606
0 0.68203021006979 0.517422646469211 0.02956161984972134 0.11768734381065606
0 0.68203021006979 0.517422646469211 0.02956161984972134 0.11768734381065606
0 0.68203021006979 0.517422646469211 0.02956161984972134 0.11768734381065606
0 0.68203021006979 0.517422646469211 0.02956161984972134 0.11768734381065606
0 0.68203021006979 0.517422646469211 0.02956161984972134 0.11768734381065606
0 0.68203021006979 0.517422646469211 0.02956161984972134 0.11768734381065606
