8 0.5977439048073508 0.48884592942201377 0.5882696255770596 0.6467795033272499
4 0.5977439048073508 0.48884592942201377 0.5882696255770596 0.6467795033272499
4 0.5977439048073508 0.48884592942201377 0.5882696255770596 0.6467795033272499
4 0.5977439048073508 0.48884592942201377 0.5882696255770596 0.6467795033272499
4 0.5977439048073508 0.48884592942201377 0.5882696255770596 0.6467795033272499
4 0.5977439048073508 0.48884592942201377 0.5882696255770596 0.6467795033272499
4 0.5977439048073508 0.48884592942201377 0.5882696255770596 0.6467795033272499
4 0.5977439048073508 0.48884592942201377 0.5882696255770596 0.6467795033272499
4 0.5977439048073508 0.48884592942201377 0.5882696255770596 0.6467795033272499
4 0.5977439048073508 0.48884592942201377 0.5882696255770596 0.6467795033272499
