8 0.5270487912051327 0.4146889123049649 0.6520815229082441 0.6514078920537775
4 0.5270487912051327 0.4146889123049649 0.6520815229082441 0.6514078920537775
4 0.5270487912051327 0.4146889123049649 0.6520815229082441 0.6514078920537775
4 0.5270487912051327 0.4146889123049649 0.6520815229082441 0.6514078920537775
4 0.5270487912051327 0.4146889123049649 0.6520815229082441 0.6514078920537775
4 0.5270487912051327 0.4146889123049649 0.6520815229082441 0.6514078920537775
4 0.5270487912051327 0.4146889123049649 0.6520815229082441 0.6514078920537775
4 0.5270487912051327 0.4146889123049649 0.6520815229082441 0.6514078920537775
4 0.5270487912051327 0.4146889123049649 0.6520815229082441 0.6514078920537775
4 0.5270487912051327 0.4146889123049649 0.6520815229082441 0.6514078920537775
