8 0.366207660589003 0.46151980977309376 0.44558992600978764 0.8651997089385987
8 0.7367916250587406 0.5432208613345497 0.19184370686237076 0.3835066544382196
4 0.366207660589003 0.46151980977309376 0.44558992600978764 0.8651997089385987
4 0.7367916250587406 0.5432208613345497 0.19184370686237076 0.3835066544382196
4 0.366207660589003 0.46151980977309376 0.44558992600978764 0.8651997089385987
4 0.7367916250587406 0.5432208613345497 0.19184370686237076 0.3835066544382196
4 0.366207660589003 0.46151980977309376 0.44558992600978764 0.8651997089385987
4 0.7367916250587406 0.5432208613345497 0.19184370686237076 0.3835066544382196
4 0.366207660589003 0.46151980977309376 0.44558992600978764 0.8651997089385987
4 0.7367916250587406 0.5432208613345497 0.19184370686237076 0.3835066544382196
4 0.366207660589003 0.46151980977309376 0.44558992600978764 0.8651997089385987
4 0.7367916250587406 0.5432208613345497 0.19184370686237076 0.3835066544382196
4 0.366207660589003 0.46151980977309376 0.44558992600978764 0.8651997089385987
4 0.7367916250587406 0.5432208613345497 0.19184370686237076 0.3835066544382196
4 0.366207660589003 0.46151980977309376 0.44558992600978764 0.8651997089385987
4 0.7367916250587406 0.5432208613345497 0.19184370686237076 0.3835066544382196
4 0.366207660589003 0.46151980977309376 0.44558992600978764 0.8651997089385987
4 0.7367916250587406 0.5432208613345497 0.19184370686237076 0.3835066544382196
4 0.366207660589003 0.46151980977309376 0.44558992600978764 0.8651997089385987
4 0.7367916250587406 0.5432208613345497 0.19184370686237076 0.3835066544382196
