8 0.11352825644028247 0.2709822917547752 0.08172375472945784 0.10234343160794476
8 0.5323171280137259 0.4358101942407803 0.7330131914148379 0.7387399448184516
4 0.11352825644028247 0.2709822917547752 0.08172375472945784 0.10234343160794476
4 0.5323171280137259 0.4358101942407803 0.7330131914148379 0.7387399448184516
4 0.11352825644028247 0.2709822917547752 0.08172375472945784 0.10234343160794476
4 0.5323171280137259 0.4358101942407803 0.7330131914148379 0.7387399448184516
4 0.11352825644028247 0.2709822917547752 0.08172375472945784 0.10234343160794476
4 0.5323171280137259 0.4358101942407803 0.7330131914148379 0.7387399448184516
4 0.11352825644028247 0.2709822917547752 0.08172375472945784 0.10234343160794476
4 0.5323171280137259 0.4358101942407803 0.7330131914148379 0.7387399448184516
4 0.11352825644028247 0.2709822917547752 0.08172375472945784 0.10234343160794476
4 0.5323171280137259 0.4358101942407803 0.7330131914148379 0.7387399448184516
4 0.11352825644028247 0.2709822917547752 0.08172375472945784 0.10234343160794476
4 0.5323171280137259 0.4358101942407803 0.7330131914148379 0.7387399448184516
4 0.11352825644028247 0.2709822917547752 0.08172375472945784 0.10234343160794476
4 0.5323171280137259 0.4358101942407803 0.7330131914148379 0.7387399448184516
4 0.11352825644028247 0.2709822917547752 0.08172375472945784 0.10234343160794476
4 0.5323171280137259 0.4358101942407803 0.7330131914148379 0.7387399448184516
4 0.11352825644028247 0.2709822917547752 0.08172375472945784 0.10234343160794476
4 0.5323171280137259 0.4358101942407803 0.7330131914148379 0.7387399448184516
