8 0.18239886509744743 0.4046892258058111 0.17975411917033948 0.17364256066012096
4 0.18239886509744743 0.4046892258058111 0.17975411917033948 0.17364256066012096
4 0.18239886509744743 0.4046892258058111 0.17975411917033948 0.17364256066012096
4 0.18239886509744743 0.4046892258058111 0.17975411917033948 0.17364256066012096
4 0.18239886509744743 0.4046892258058111 0.17975411917033948 0.17364256066012096
4 0.18239886509744743 0.4046892258058111 0.17975411917033948 0.17364256066012096
4 0.18239886509744743 0.4046892258058111 0.17975411917033948 0.17364256066012096
4 0.18239886509744743 0.4046892258058111 0.17975411917033948 0.17364256066012096
4 0.18239886509744743 0.4046892258058111 0.17975411917033948 0.17364256066012096
4 0.18239886509744743 0.4046892258058111 0.17975411917033948 0.17364256066012096
