8 0.4440942643743465 0.438565442906344 0.6659155069230658 0.6267002942090366
4 0.4440942643743465 0.438565442906344 0.6659155069230658 0.6267002942090366
4 0.4440942643743465 0.438565442906344 0.6659155069230658 0.6267002942090366
4 0.4440942643743465 0.438565442906344 0.6659155069230658 0.6267002942090366
4 0.4440942643743465 0.438565442906344 0.6659155069230658 0.6267002942090366
4 0.4440942643743465 0.438565442906344 0.6659155069230658 0.6267002942090366
4 0.4440942643743465 0.438565442906344 0.6659155069230658 0.6267002942090366
4 0.4440942643743465 0.438565442906344 0.6659155069230658 0.6267002942090366
4 0.4440942643743465 0.438565442906344 0.6659155069230658 0.6267002942090366
4 0.4440942643743465 0.438565442906344 0.6659155069230658 0.6267002942090366
