8 0.34576640945981696 0.5094057054661992 0.36450341213271914 0.6617263300501885
8 0.6334440983624098 0.6387196441194904 0.1525095297520854 0.3499216487751671
8 0.08445242391639497 0.791515672977884 0.07135863133160716 0.07015581273320895
8 0.6268826366895699 0.7242072565638604 0.13261486524604707 0.17832088944923818
8 0.6644369178559201 0.49339121728394164 0.06194095687562251 0.041541825479535915
4 0.34576640945981696 0.5094057054661992 0.36450341213271914 0.6617263300501885
4 0.6334440983624098 0.6387196441194904 0.1525095297520854 0.3499216487751671
4 0.08445242391639497 0.791515672977884 0.07135863133160716 0.07015581273320895
4 0.6268826366895699 0.7242072565638604 0.13261486524604707 0.17832088944923818
4 0.6644369178559201 0.49339121728394164 0.06194095687562251 0.041541825479535915
4 0.34576640945981696 0.5094057054661992 0.36450341213271914 0.6617263300501885
4 0.6334440983624098 0.6387196441194904 0.1525095297520854 0.3499216487751671
4 0.08445242391639497 0.791515672977884 0.07135863133160716 0.07015581273320895
4 0.6268826366895699 0.7242072565638604 0.13261486524604707 0.17832088944923818
4 0.6644369178559201 0.49339121728394164 0.06194095687562251 0.041541825479535915
4 0.34576640945981696 0.5094057054661992 0.36450341213271914 0.6617263300501885
4 0.6334440983624098 0.6387196441194904 0.1525095297520854 0.3499216487751671
4 0.08445242391639497 0.791515672977884 0.07135863133160716 0.07015581273320895
4 0.6268826366895699 0.7242072565638604 0.13261486524604707 0.17832088944923818
4 0.6644369178559201 0.49339121728394164 0.06194095687562251 0.041541825479535915
4 0.34576640945981696 0.5094057054661992 0.36450341213271914 0.6617263300501885
4 0.6334440983624098 0.6387196441194904 0.1525095297520854 0.3499216487751671
4 0.08445242391639497 0.791515672977884 0.07135863133160716 0.07015581273320895
4 0.6268826366895699 0.7242072565638604 0.13261486524604707 0.17832088944923818
4 0.6644369178559201 0.49339121728394164 0.06194095687562251 0.041541825479535915
4 0.34576640945981696 0.5094057054661992 0.36450341213271914 0.6617263300501885
4 0.6334440983624098 0.6387196441194904 0.1525095297520854 0.3499216487751671
4 0.08445242391639497 0.791515672977884 0.07135863133160716 0.07015581273320895
4 0.6268826366895699 0.7242072565638604 0.13261486524604707 0.17832088944923818
4 0.6644369178559201 0.49339121728394164 0.06194095687562251 0.041541825479535915
4 0.34576640945981696 0.5094057054661992 0.36450341213271914 0.6617263300501885
4 0.6334440983624098 0.6387196441194904 0.1525095297520854 0.3499216487751671
4 0.08445242391639497 0.791515672977884 0.07135863133160716 0.07015581273320895
4 0.6268826366895699 0.7242072565638604 0.13261486524604707 0.17832088944923818
4 0.6644369178559201 0.49339121728394164 0.06194095687562251 0.041541825479535915
4 0.34576640945981696 0.5094057054661992 0.36450341213271914 0.6617263300501885
4 0.6334440983624098 0.6387196441194904 0.1525095297520854 0.3499216487751671
4 0.08445242391639497 0.791515672977884 0.07135863133160716 0.07015581273320895
4 0.6268826366895699 0.7242072565638604 0.13261486524604707 0.17832088944923818
4 0.6644369178559201 0.49339121728394164 0.06194095687562251 0.041541825479535915
4 0.34576640945981696 0.5094057054661992 0.36450341213271914 0.6617263300501885
4 0.6334440983624098 0.6387196441194904 0.1525095297520854 0.3499216487751671
4 0.08445242391639497 0.791515672977884 0.07135863133160716 0.07015581273320895
4 0.6268826366895699 0.7242072565638604 0.13261486524604707 0.17832088944923818
4 0.6644369178559201 0.49339121728394164 0.06194095687562251 0.041541825479535915
4 0.34576640945981696 0.5094057054661992 0.36450341213271914 0.6617263300501885
4 0.6334440983624098 0.6387196441194904 0.1525095297520854 0.3499216487751671
4 0.08445242391639497 0.791515672977884 0.07135863133160716 0.07015581273320895
4 0.6268826366895699 0.7242072565638604 0.13261486524604707 0.17832088944923818
4 0.6644369178559201 0.49339121728394164 0.06194095687562251 0.041541825479535915
