8 0.5704238059303978 0.5730200178636228 0.6382345303622159 0.43776073351583844
4 0.5704238059303978 0.5730200178636228 0.6382345303622159 0.43776073351583844
4 0.5704238059303978 0.5730200178636228 0.6382345303622159 0.43776073351583844
4 0.5704238059303978 0.5730200178636228 0.6382345303622159 0.43776073351583844
4 0.5704238059303978 0.5730200178636228 0.6382345303622159 0.43776073351583844
4 0.5704238059303978 0.5730200178636228 0.6382345303622159 0.43776073351583844
4 0.5704238059303978 0.5730200178636228 0.6382345303622159 0.43776073351583844
4 0.5704238059303978 0.5730200178636228 0.6382345303622159 0.43776073351583844
4 0.5704238059303978 0.5730200178636228 0.6382345303622159 0.43776073351583844
4 0.5704238059303978 0.5730200178636228 0.6382345303622159 0.43776073351583844
