8 0.7016804594742624 0.6539712928863893 0.49949440203214945 0.178239110004471
4 0.7016804594742624 0.6539712928863893 0.49949440203214945 0.178239110004471
4 0.7016804594742624 0.6539712928863893 0.49949440203214945 0.178239110004471
4 0.7016804594742624 0.6539712928863893 0.49949440203214945 0.178239110004471
4 0.7016804594742624 0.6539712928863893 0.49949440203214945 0.178239110004471
4 0.7016804594742624 0.6539712928863893 0.49949440203214945 0.178239110004471
4 0.7016804594742624 0.6539712928863893 0.49949440203214945 0.178239110004471
4 0.7016804594742624 0.6539712928863893 0.49949440203214945 0.178239110004471
4 0.7016804594742624 0.6539712928863893 0.49949440203214945 0.178239110004471
4 0.7016804594742624 0.6539712928863893 0.49949440203214945 0.178239110004471
