8 0.5064493099592889 0.4654153011463307 0.8296228267755539 0.5510149237550335
4 0.5064493099592889 0.4654153011463307 0.8296228267755539 0.5510149237550335
4 0.5064493099592889 0.4654153011463307 0.8296228267755539 0.5510149237550335
4 0.5064493099592889 0.4654153011463307 0.8296228267755539 0.5510149237550335
4 0.5064493099592889 0.4654153011463307 0.8296228267755539 0.5510149237550335
4 0.5064493099592889 0.4654153011463307 0.8296228267755539 0.5510149237550335
4 0.5064493099592889 0.4654153011463307 0.8296228267755539 0.5510149237550335
4 0.5064493099592889 0.4654153011463307 0.8296228267755539 0.5510149237550335
4 0.5064493099592889 0.4654153011463307 0.8296228267755539 0.5510149237550335
4 0.5064493099592889 0.4654153011463307 0.8296228267755539 0.5510149237550335
