8 0.6652717729048295 0.505291667792315 0.5025188654119318 0.7456931129830783
8 0.27057681690562857 0.30110881367667774 0.1820122597434304 0.42673163075264686
8 0.2700589336048473 0.3734794470781837 0.1791576454856179 0.27389820286485017
4 0.6652717729048295 0.505291667792315 0.5025188654119318 0.7456931129830783
4 0.27057681690562857 0.30110881367667774 0.1820122597434304 0.42673163075264686
4 0.2700589336048473 0.3734794470781837 0.1791576454856179 0.27389820286485017
4 0.6652717729048295 0.505291667792315 0.5025188654119318 0.7456931129830783
4 0.27057681690562857 0.30110881367667774 0.1820122597434304 0.42673163075264686
4 0.2700589336048473 0.3734794470781837 0.1791576454856179 0.27389820286485017
4 0.6652717729048295 0.505291667792315 0.5025188654119318 0.7456931129830783
4 0.27057681690562857 0.30110881367667774 0.1820122597434304 0.42673163075264686
4 0.2700589336048473 0.3734794470781837 0.1791576454856179 0.27389820286485017
4 0.6652717729048295 0.505291667792315 0.5025188654119318 0.7456931129830783
4 0.27057681690562857 0.30110881367667774 0.1820122597434304 0.42673163075264686
4 0.2700589336048473 0.3734794470781837 0.1791576454856179 0.27389820286485017
4 0.6652717729048295 0.505291667792315 0.5025188654119318 0.7456931129830783
4 0.27057681690562857 0.30110881367667774 0.1820122597434304 0.42673163075264686
4 0.2700589336048473 0.3734794470781837 0.1791576454856179 0.27389820286485017
4 0.6652717729048295 0.505291667792315 0.5025188654119318 0.7456931129830783
4 0.27057681690562857 0.30110881367667774 0.1820122597434304 0.42673163075264686
4 0.2700589336048473 0.3734794470781837 0.1791576454856179 0.27389820286485017
4 0.6652717729048295 0.505291667792315 0.5025188654119318 0.7456931129830783
4 0.27057681690562857 0.30110881367667774 0.1820122597434304 0.42673163075264686
4 0.2700589336048473 0.3734794470781837 0.1791576454856179 0.27389820286485017
4 0.6652717729048295 0.505291667792315 0.5025188654119318 0.7456931129830783
4 0.27057681690562857 0.30110881367667774 0.1820122597434304 0.42673163075264686
4 0.2700589336048473 0.3734794470781837 0.1791576454856179 0.27389820286485017
4 0.6652717729048295 0.505291667792315 0.5025188654119318 0.7456931129830783
4 0.27057681690562857 0.30110881367667774 0.1820122597434304 0.42673163075264686
4 0.2700589336048473 0.3734794470781837 0.1791576454856179 0.27389820286485017
